0 0 0 0
0 0 0 0
0 0 0 0
0 0 0 0
0 0 0 0
0 0 0 0
0 0 0 0
0 0 0 0
0 0 0 0
0 0 0 0
0 0 0 0
0 0 0 0
0 0 0 0
0 0 0 0
0 0 0 0
0 0 0 0
0 0 0 0
0 0 0 0
0 0 0 0
0 0 0 0
0 0 0 0
0 0 0 0
0 0 0 0
0 0 0 0
0 0 0 0
0 0 0 0
0 0 0 0
0 0 0 0
0 0 0 0
0 0 0 0
0 0 0 0
0 0 0 0
0 0 0 0
0 0 0 0
0 0 0 0
0.0027553917430736615 0 0 0
0.001082035065493478 0 0 0
0.004623229329266758 0 0 0.0011931968120321168
0.008051532009388096 0 0 0.0030318198762415965
0.00881783880129774 0 0 0.0015246296260143552
0.003503904044875801 0 0 0
0.004116565589212745 0 0 0
0.0025153871522074172 0 0 0
0.00880210802742082 0 0.004218025816282967 0
0.009561765648423808 0 0.0034513438895491504 0
0.01587451899705294 0 0.5577878643001448 0
0.00560635104344132 0.002470123628441473 0 0
0.009496624902610759 0.003435644602138552 0 0
0.01583348472863329 0.5645217553465774 0 0
0.011122979633973375 0.8155204707509998 0 0
0.03630770208293881 0.7013963843624953 0 0
0.03134817424199422 0.06944226996659017 0 0
0.09557508781218085 0 0 0
0.1396780657253058 0 0 0
0.08315597278749397 0 0 0
0.05789503823653544 0 0.24327124483241708 0
0.025025567522861464 0 0 0.10455427631078287
0.015465846636406601 0 0 0.21554376964431352
0.020342884782583448 0 0 0.002057978663642174
0.021713035016292626 0.2349075176140175 0 0.060092620784981246
0.0205407757391744 0 0 0
0.02437152812305422 0.3023269024286109 0 0
0.03827081879073867 0.8624805624773195 0 0
0.024987467517274112 0 0 0
0.016304136483471236 0 0 0
0.03627458567873137 0 0.16348803486044824 0
0.041562341310949595 0 0.4384577777878569 0
0.029457867234874324 0 0.8972106024372645 0
0.04030288181185919 0 0.8276390723322657 0
0.04150938133866549 0 0.5746555556037056 0
0.03485065799015442 0 0.5943912259078198 0
0.040264094267786835 0 0.07364265737915342 0
0.07554332079743774 0 0 0
0.03707237489347934 0 0 0
0.0489945721116648 0 0 0
0.057428894480675154 0 0.14345549601328986 0
0.03235144698388151 0 0 0
0.05881795292099749 0 0 0
0.08701627258082494 0 0.08366484333637 0
0.06401888402984149 0 0.12671860625475892 0
0.0794913644414956 0 0 0
0.07988596405816649 0 0 0
0.051732162759259764 0 0 0
0.05847932021846609 0 0 0
0.07465451078619992 0 0 0
0.08488738706182232 0 0 0
0.09431455223639156 0 0 0.01567300209147193
0.09820923082987558 0 0 0
0.08116340524796335 0 0 0
0.07557109004199744 0 0 0.010336481077373203
0.06764123468325214 0 0 0.08311415972846783
0.06087265829579762 0 0 0
0.06950880518028266 0 0 0
0.08506955526581127 0 0 0.07074434785040815
0.08543629587939859 0 0 0
0.08864471257651484 0 0 0.050660054036861954
0.08142678719125868 0 0 0.10919932841845596
0.06752710801373722 0 0.02582342957520207 0
0.0583650862157511 0 0.029162887332124618 0.01721088432715551
0.04989426944635539 0 0.02796445456745888 0
0.046916937158641384 0 0 0
0.05221378232295669 0 0 0
0.052409913439038225 0 0 0
0.07120858267883551 0 0 0
0.08011531051097648 0 0 0
0.08585143561936381 0 0 0
0.08097023441614513 0 0 0
0.07861276733835286 0 0 0
0.07759298438300956 0 0 0
0.06993681161260787 0 0 0
0.05578127782036669 0 0 0
0.06014117690819431 0 0 0
0.04339252667137912 0 0 0
0.030190496272104263 0 0.12710908222281972 0
0.02110475445814273 0.18811913649337872 0.9029057324488878 0
0.02883886518063515 0.5593668130565002 0.828646771072021 0
0.032867898064819226 0.9964354922803943 0 0.0596502712677441
0.06153980032303088 0.9924981655401822 0 0
0.08991136405338294 0.9989860377786398 0 0
0.10014769893538344 0.9972581526864929 0 0
0.1026158049268044 0.9995240920370115 0.017392480122449355 0
0.10047200620486782 0.9970869975858725 0.04378605995383712 0
0.09937708048208807 0.9979885353201621 0.05521384726164974 0
0.09788648365395608 0.9958310712215594 0.08946168553424495 0
0.09137537371758635 0.9944052044693252 0.10301949397848124 0
0.08527057215243468 0.9834216879861452 0.17787460884572684 0.03524779605172794
0.08980495448012514 0.9652301669862596 0.20770579170527265 0.15871051897030927
0.09164369944045835 0.9720113306506043 0.14357615506361568 0.1859566099499082
0.09559607237900943 0.980050576213762 0.188687269529285 0.062433824011236164
0.0966912831269273 0.9905654255406847 0.10549590285841315 0.08746857837816481
0.09094961109027805 0.9458588693773057 0.23092542065043725 0.22808868739543522
0.08994732296519711 0.9845542902418535 0.0669031773605291 0.16179250423108255
0.09098848128536981 0.9445346135975015 0.15181525919161462 0.2912155400949701
0.08977294372972662 0.9578073316011695 0.18735149491704006 0.2179553460767887
0.08464047570838394 0.9608435811759355 0.15654285750594046 0.2286349629363078
0.07617231122882528 0.9693549975960732 0.1876997964552706 0.1584918769093041
0.07181259611723248 0.9627002938149642 0.24883355051996964 0.10625445131492844
0.07684103197250909 0.977974335877612 0.11064043762736045 0.17698839489200402
0.07883323928778317 0.971990204510278 0.004954168695055571 0.23496914382263567
0.08646436460615053 0.9471643335179807 0.19251373161677623 0.25655055729910564
0.08608590662880737 0.9644564761446408 0.15893361382460822 0.21110142590567227
0.07101689449283052 0.9710406502503133 0 0.23875794687554475
0.0694026061011485 0.9641990466315794 0 0.2348689985384617
0.08265633792830397 0.9001550658383313 0 0.4166243992042065
0.07125562875448133 0.7206260549098475 0 0.5970957531852852
0.09136765286871844 0.651519883088209 0 0.6381643741810475
0.07914278662803938 0.8195245644969049 0 0.4719756524134863
0.08614144065134209 0.5833518690795351 0 0.6471433307551768
0.07732124975096831 0.5158481988992443 0 0.45099510307680046
0.06892858112891334 0.4756019821569194 0 0.14804376593522828
0.06255993610038907 0.41322308652860273 0 0.11640715119694044
0.096732585816203 0 0 0.017082595208780665
0.0909617320628779 0 0 0.0430819285802051
0.04730599650880298 0 0 0.0297531862555545
0.07407977474618975 0 0 0
0.0827207797392939 0 0 0.005817064242359342
0.0543930375982017 0 0 0
0.04706777692715515 0.018787164079056437 0 0
0.07219224470601882 0 0 0
0.08418436284552024 0 0 0
0.09123099907849763 0 0 0
0.08766362541316072 0 0 0
0.08075641943074656 0.05449207229934405 0 0
0.08162712567281255 0.11371544374899775 0 0
0.0823591705016297 0.0248947011716542 0 0.0037257375903155944
0.08202025209876411 0 0 0
0.08230138603667973 0 0 0
0.06337482356791094 0 0 0
0.060911924383675375 0 0 0
0.059583402876200474 0 0 0
0.0640572204937751 0 0 0
0.07766823981009063 0 0 0
0.09110109663571754 0 0 0
0.0953893244708474 0 0 0
0.09322309069563561 0 0 0
0.07892897842360058 0 0 0
0.058648176708463215 0 0 0
0.03884811895750364 0 0 0
0.04567790701641993 0 0 0
0.07944746802607444 0.0032479570531016018 0 0
0.09555768475802003 0.00999634956762024 0 0
0.10454350262126808 0.010402767388635291 0 0
0.10255101593132475 0.13508097546963366 0 0
0.09175382554570309 0.22373087668068697 0 0
0.07318239821670103 0.34309872896026616 0 0
0.07801374824675317 0.3369393890725132 0 0
0.08172794718858103 0.39362997845199915 0 0
0.0840921379134411 0.584648481597151 0 0
0.08648967476007176 0.6011570221104474 0 0
0.09278741364233536 0.6514563519286765 0 0
0.09222289796478435 0.6171162724834165 0 0
0.08785814761287157 0.732663160567258 0 0
0.08885684531174629 0.6758407657948564 0 0
0.09302587075666907 0.5817999488265214 0 0
0.09044202558805914 0.6558070113539471 0 0
0.08324487869606505 0.7193664453603857 0 0
0.08908498103375691 0.7069051301013523 0 0
0.09340630712046784 0.7301435806612523 0 0
0.0907234688300798 0.6537697798345995 0 0
0.08883441496584514 0.6118015216332943 0 0
0.06138283430237091 0.6828668141446029 0 0
0.08589794826597741 0.762636785278224 0 0
0.09000610105045392 0.8337672761048631 0 0
0.08775443471776222 0.8234037134147307 0 0
0.0857492247286865 0.7913674424619682 0 0
0.06812855048876383 0.7979586002909619 0 0
0.05223668711407642 0.9273687366903696 0 0
0.04774493310165578 0.8803682766353207 0.4465403242153593 0
0.0764655832431498 0.42640379609130397 0.8995067886743185 0
0.12379162379741794 0.3043314339730824 0.9489105902793704 0
0.1490712620725903 0.3165389895063384 0.9458325171315592 0
0.16397590613070553 0.2709263197044178 0.9593025023353101 0
0.1531689582229044 0.27252909770914685 0.959626148857066 0
0.12914151056291126 0.165216071312279 0.9830410199994807 0
0.08416960012872668 0 0.9999462458622483 0.010356556527697493
0.05821720643530958 0 0.9540370933936893 0.25462557441115163
0.07632924785269626 0 0.957126312897169 0.28955926353900985
0.09330390746523404 0.07196616538818443 0.9817440443453569 0.17606675561221438
0.08587336949721056 0.136508390554933 0.9415099822093353 0.3080980569693133
0.08261724306406361 0.13244093984107688 0.9237945478781043 0.3592534352859295
0.09692575804424679 0.2549361675615654 0.893355605233375 0.37003150280380714
0.12078685174105844 0.3152101640353138 0.8834885652038668 0.34654077342048223
0.12071354514118171 0.23457414052150294 0.9316571266540715 0.277470666833951
0.09895372114039847 0.3791345954055654 0.843312018659954 0.3808960458581094
0.09116467131803246 0.47422159002718905 0.7667857161326728 0.4326124698699648
0.09861178298019882 0.5355731876889545 0.7697406329200854 0.3473625176390539
0.11351792406211958 0.5614643536586312 0.7805484321640987 0.27477613545739005
0.12202550748490011 0.6060722357070075 0.7349739541380963 0.30412124530152795
0.11640078728848398 0.6518965636119539 0.7166850344329454 0.2477769799050487
0.1019443232641669 0.6475627415635068 0.700084463553239 0.3009056988995068
0.08580347938140016 0.5689101897383284 0.7807073260894832 0.2585290447939461
0.09595570637583996 0.6457554766142448 0.7524973237107145 0.1294126818780207
0.07930944140158011 0.7001429026291864 0.6902941202762011 0.1824662802003971
0.08525324921753528 0.6952835694125873 0.6819504844932636 0.22698963589646234
0.10470835626139316 0.7619326653003593 0.6341671301106189 0.13149397186020703
0.09495279764696866 0.7292490603568378 0.662720045284509 0.1702878432149337
0.07959133123453907 0.8110457697280339 0.5656991669581014 0.14896043739603043
0.058914817979029296 0.7666669173320323 0.6024403514108697 0.22200779459421785
0.04726259603972779 0.7011522278295725 0.6891957372076365 0.1827424122216865
0.07713197074126771 0.7990467195566847 0.5730856748387766 0.18192621927668323
0.08792373749073643 0.7787505170232029 0.6082327849120015 0.15362458004623117
0.08376639968260667 0.7716602263013232 0.6197258306815243 0.14310971291530633
0.08921779020114297 0.8514611440084333 0.5104546292931044 0.12020811818294203
0.08631881399556739 0.8033466919116963 0.5953199690966706 0
0.08713025275789091 0.7763275899272064 0.6222625785241268 0
0.08779535865538886 0.8190480734063963 0.5723487603730111 0.03971334723653976
0.08191025760074812 0.8045772319235723 0.584233752958683 0.10642555977825031
0.06907520404145662 0.8159946932974455 0.5718324400622985 0.0846186799880286
0.05880307699445871 0.8385904198113769 0.5404750251323572 0.0682118392122707
0.06443132190634106 0.8600209836816098 0.47158250313659267 0.19486880294900524
0.08979914677390058 0.9094608502140493 0.34601755025220315 0.23054894674568915
0.10456148836472319 0.9346875947175335 0.2292214816063115 0.27169212843098284
0.10035445721577088 0.9687308837499718 0.13331860053902728 0.2092525402936686
0.08331065441515353 0.9814725257941204 0.03239487142706394 0.1888445218073804
0.0847779625452519 0.9978621179301564 0 0.05963647147797903
0.04564147924130887 0.9180521457509417 0.21598529502931751 0.3324614413933231
0.04436411043475396 0.010850836223972806 0.9287686773736724 0.3705010165750715
0.03659369449580959 0.28370392230127606 0.9510182556712131 0
0.027768504360174164 0.38318330700351616 0.884211185144507 0.2670976100621231
0.025297826154957393 0.48597807011521404 0.6498094967034301 0.5844424123576268
0.032159115424770325 0.9383432195302254 0.2657735130461332 0.22108017126041607
0.02419121146190968 0.9356624090653807 0.13873416114687057 0.3244821856345726
0.036256912425658504 0.7323986268180425 0.6783250550534943 0.05888438775783527
0.059577640654894036 0.42443711848824495 0.9051926518710682 0.021895101008910844
0.069227374473028 0.2865466748911161 0.9382287751709119 0.19395300603565346
0.08154300991001474 0.4212073033560318 0.8835518073037897 0.204745235377531
0.07927302560655008 0.082521482568729 0.9523401373203534 0.2936638686720867
0.06437045376057403 0 0.9521846885726563 0.30547497861458045
0.02797821450045376 0.5017608636151778 0.7217176636691475 0.4768224509106462
0.02833726546119887 0.3986364269313168 0.8925614871068706 0
0.03368667049587905 0.5126172031972045 0.8570545401333463 0
0.08255265797995591 0 0.9872846352910362 0
0.059110693624080564 0.5214931399183191 0.8415405251770841 0.14090581784622608
0.032294679881127296 0.9912240066478796 0 0.12293078896744622
0.05622217268706862 0.2605639835633492 0 0
0.07681108838176172 0.1645272387845975 0 0
0.034893543877126454 0 0 0
0.023877861923890093 0.7761204615738705 0.6244613804154222 0.08766420876210884
0.0861534234396865 0.4244617256833132 0.9034786007012093 0
0.1113547024994952 0.3466669444615222 0.9236940109198666 0
0.11116816411439472 0.5517874088724403 0.8339514247731201 0.007461670642706864
0.10538172279194906 0.719414075586175 0.6933497863189609 0
0.0809920712726532 0.8605507329571328 0.4843503975269034 0
0.062161287033564605 0.9426197766418665 0.30994235989105184 0
0.041325986247264926 0.9781615412240424 0 0
0.03190095037260995 0.9855255031231225 0.0028432826321794476 0
0.02892337382627287 0.9876106037970788 0.04824673198813282 0
0.04648475425989848 0.7354014162703402 0.6773197125771521 0
0.06600948010761622 0.67565612747041 0.7364165705882527 0
0.07497013046915213 0.5605088043228182 0.8274133287381152 0
0.07668454480445591 0.5343234875757167 0.8452770201750998 0.002273716968407305
0.08901349787854071 0.5346591855155537 0.845035697312275 0
0.08447225277038695 0.5226572983819776 0.8523829735893097 0.0165110503358704
0.06876848444876517 0.5566350950389376 0.8303883970633714 0.02474835335085656
0.05725339261618488 0.5414661385086987 0.839126304210038 0
0.05409712140435983 0.62543010928259 0.7794019753616442 0
0.052252554497669405 0.5825000818790721 0.8128032313728607 0.00667545360851561
0.049446878837308396 0.581987562848265 0.8130895332592851 0.01326226203823925
0.031434834000849225 0.47587728993343004 0.8711839379611536 0.12074498401295988
0.01862660621623648 0.6930149007356284 0.7162402649764982 0.08203798014113656
0.023748095694584664 0.7327644335472917 0.6792908461753562 0
0.040661317323723 0.47185497817972627 0.8815966828681576 0
0.069780872913708 0.3917235858765109 0.9164872566730619 0.08126340273478017
0.0799975687087548 0.42612777977869304 0.8902653206014758 0.160756879278214
0.06159249976399155 0.33058722891838827 0.9208649394777028 0.20668780156768016
0.03825869777534724 0.3658178564928284 0.8981320753874277 0.24400014555703115
0.0538593512124336 0.4087784653898296 0.8678123314676358 0.28249234252700206
0.09565624590615746 0.45782685565022374 0.881540836209808 0.11524028956901826
0.11055969929477516 0.4586808262213629 0.8779560831797222 0.13713138103525285
0.09303394374981573 0.43140292337375064 0.8951835505170392 0.11197289220298534
0.06808210227038547 0.35089481801122874 0.9291284976770317 0.11658928551730754
0.042614431725411905 0.09102684591556222 0.972153616990303 0.21594318302630677
0.03008608372455593 0.21451637344209823 0.6855247566430728 0.6957287787311294
0.03773957911367123 0.04510849708970305 0.6805097450294956 0.7313492397002674
0.05514274340311285 0 0.7670192554737085 0.6396254916171978
0.05647049705409617 0.03471254146654733 0.6153137688429616 0.7875176222392852
0.05440453899060605 0.19156909961561397 0.3124858740048536 0.9304052120554851
0.051382827694580184 0.28335182629998673 0.17568627850128543 0.9427863353268364
0.05271020857420826 0.10415894280039147 0 0.9942083587249566
0.06372128290733828 0.18817482222321535 0.09370427447531839 0.9776552281998464
0.05933369839054464 0.28145723950723434 0.09111502114373708 0.9552381248940177
0.05341100222201894 0.2522118104679618 0 0.9615656906603499
0.05035016171031811 0.1654355456001725 0 0.904076160000943
0.05529584745576981 0.15063235419413928 0 0.87439936927938
0.0639854276400323 0.0681346246416227 0 0.8360390982025672
0.09078982147187625 0 0 0.7953779625229807
0.11206230177707646 0 0 0.7778953922317438
0.11387823262056171 0 0 0.7455721329159404
0.10828326655532042 0 0 0.7636406936132881
0.08954935758523784 0 0 0.7343820416753878
0.08719948328880582 0 0 0.7446820388369294
0.0824867994861117 0 0 0.6568276961838754
0.0814416947695234 0 0 0.5170389968050051
0.09153613657856603 0 0 0.4746559372372592
0.09949685130724484 0 0 0.3906557153144448
0.10595270163829511 0 0 0.3355588732896448
0.10718611306676486 0 0 0.3577051780109615
0.10734219924540778 0 0 0.45784499834076475
0.10203717974585937 0 0 0.4176726586608908
0.08910496370751717 0 0 0.4167229016861433
0.07689951723171673 0 0 0.44158997315648385
0.07671606423723357 0.047728419406464606 0 0.3068255533272725
0.08641861271398092 0.04890036131709559 0 0.19318063530218957
0.10025753816075372 0 0 0.23560229016105994
0.10509195281997653 0.13101312540681723 0 0.25625503971976454
0.09346564517592908 0.26528369446143657 0 0.25364582710036115
0.08796388138360309 0.43450261142895136 0 0.2719902316753753
0.0920742059474137 0.6721102912679865 0 0.15668689494461568
0.08909412770290631 0.7498795049361537 0 0.0474300156550787
0.06331939304499316 0.733767357107002 0 0
0.06107319374523759 0.702435736716694 0 0
0.05960729371876173 0.7185800711967194 0 0
0.0791597257847159 0.682790844685796 0 0
0.08768413143620503 0.736584414575158 0 0
0.09611830910731857 0.8223839345067435 0 0
0.11289437932501893 0.8836566220132022 0 0
0.10873474442473842 0.8955419219379225 0 0
0.10464430344304997 0.87685315034505 0 0
0.10907082281936147 0.8592236115245159 0 0
0.10631790769367583 0.8995469015786905 0 0
0.08743899789065375 0.9485562078081059 0 0
0.09229995089991881 0.9669792560859789 0.16008039403485852 0
0.09098044296606538 0.9656948539311454 0.1954382442479699 0
0.08454212667163735 0.9408460225823891 0.27534140131334517 0
0.08611090555265845 0.8801974166301942 0.44386438867882005 0
0.10138390645234563 0.835923593109142 0.5359648309223966 0
0.10637225298758372 0.7999307027226553 0.5824171845892379 0
0.10799981040492115 0.7422830804136614 0.6526927399254735 0
0.09145016177304346 0.7672098140367133 0.6366728232167119 0
0.061153411999932454 0.8504856010591315 0.5196905040806603 0.0812158996719557
0.0520718912107593 0.726800769243467 0.6180151057179932 0.2996964646631587
0.08049117955379119 0.5507039172681284 0.7829942259836496 0.28921486404043617
0.09761734451056281 0.5441806003118699 0.7959507297382172 0.2651978696624193
0.09726555607770081 0.6662207410676095 0.6993382343292017 0.2589902665673847
0.08545527616570144 0.6905368678464322 0.6548757225794868 0.3070775506625058
0.07689245343029073 0.5742376676235277 0.680813131129711 0.45469174345233687
0.0795545106235033 0.33803386816609376 0.8448216772605408 0.4147402049517089
0.09002467293084222 0.25026440923856025 0.8524946109809945 0.45893426949503846
0.09026436343349076 0.19166047542949902 0.8415756627686266 0.5049917484412073
0.07598950188130894 0.19044631973288892 0.7238795777027928 0.6631203181060831
0.07317675655877211 0.2918470487099816 0.755352012092294 0.5867440992353516
0.06986112229171466 0.508585334241668 0.7263365344735246 0.462359380226377
0.060971145660628424 0.513465250791917 0.669289598291603 0.5370333973300486
0.0493084375141079 0.4562864872364478 0.6349810092146289 0.6233793062833456
0.04616490592352193 0.2880387618971019 0.4004736196365793 0.8698589262747735
0.04569711489085025 0.281522872297079 0.328239791452668 0.9016670736369568
0.05627664873993577 0.37955913856686885 0.5764043090581125 0.7236663131787657
0.06587098950224558 0.3653296905828441 0.6876669596072432 0.6274140338270584
0.06346185171255957 0.32150258843920543 0.717198081902843 0.6182742085369335
0.045078491854098623 0.21280258676123062 0.737148160540903 0.6413483051189378
0.03647319495425166 0.23433182037929853 0.7246113759973738 0.64809486322046
0.03595156795542741 0.1843640001107397 0.6270316677450527 0.7568627372967209
0.042592420016825235 0.17100927055887394 0.5415293567697677 0.8231049660520514
0.04289133582017434 0.08539654073985951 0.6252653382933713 0.7757259100731239
0.04192819597945495 0.03111637053595785 0.5750704629533172 0.8175119168083471
0.053312391237112594 0 0.5022165983031948 0.8521194601746755
0.04484371608318025 0.0368715248419861 0.5046887197780713 0.8625136444049408
0.04189687134412335 0 0.18117609793176143 0.9658284632391693
0.057181152156285144 0 0 0.9065528705346101
0.07557466987288117 0 0 0.7590493384179574
0.08568832067812433 0 0 0.7385438550704572
0.09211066739598758 0 0 0.6581420343352414
0.0924445863011174 0 0 0.616614833370103
0.08111992937455109 0 0 0.7071104107867353
0.07830325687257568 0 0 0.6607857931916276
0.06912583218005691 0 0 0.7050087730158592
0.06501082761629776 0 0 0.8067491709428867
0.07012050763411361 0 0 0.7311078092759571
0.08375364336745841 0 0 0.606747816414243
0.08666640723777984 0 0 0.64120693993692
0.08301911911860413 0 0 0.6016221170842099
0.08647612242164025 0 0 0.5306914089196171
0.08895591728997612 0 0 0.5099995958823538
0.08226490757346591 0 0 0.5203366097932428
0.08224220546033818 0 0 0.5040299006316205
0.09597286611824273 0 0 0.4436004118584792
0.09497689496560612 0 0 0.4221243190020668
0.09847077786783635 0 0 0.41731958874315933
0.08460829486673445 0 0 0.4255466062616928
0.07938913840663529 0 0 0.49580952624767416
0.07877034088767325 0 0 0.4510126370715176
0.05820587527716813 0 0 0.37296429798768865
0.053752036883388477 0 0 0.4088162759720768
0.061144677381290015 0 0 0.41572056435286947
0.07858331543195697 0 0 0.2684655672700114
0.08022304648016981 0 0 0.2548008062137329
0.05774651715015364 0 0 0.360832670204874
0.06436045518058163 0 0 0.5181635042900571
0.07201059376814456 0 0 0.6102019126612969
0.07575311260356446 0 0 0.6490796825573437
0.07082929386105503 0 0 0.6370298111866001
0.08102476960453601 0 0 0.74719059882899
0.09331478315546524 0 0 0.7318321463138885
0.0845773336202391 0 0 0.7353943911389337
0.06245143529365493 0 0 0.7902417490815676
0.062171763045319364 0 0 0.8464195941203094
0.07099077136692102 0 0 0.8485857072872011
0.06303811053172118 0 0 0.9260696784622228
0.06155561308766027 0 0 0.9285563633335535
0.0841815980996761 0.03678123960077289 0 0.9246671090626734
0.07036037814236297 0.19390035338085454 0 0.9026874324570868
0.05106316456069449 0.25534321876644406 0 0.9281978749594548
0.06520219448070315 0.06215515517855181 0 0.9848543176828706
0.06596798428915408 0.058155269651827386 0 0.9827183202619703
0.05216176637744877 0.14965679651277863 0 0.8968708466619246
0.048277065863979424 0.34595216424127084 0 0.9338107290422272
0.041165280375801416 0.2649010621302518 0.3506591794929565 0.8982569605184486
0.04512767997542926 0.35850990882779343 0.046379030896221654 0.9323731177837095
0.04452781534535271 0.49448255577763334 0.050921048994845015 0.8676946748721591
0.05441053159829919 0.7283695671487436 0.04807931485315592 0.6834955399524646
0.058719251483134303 0.7758745323733194 0 0.6289204982980174
0.07132538696665712 0.9399453188035791 0.14179366544581667 0.31047923295894336
0.08303149707242763 0.9191803666180178 0.3223514480153466 0.22626753542296604
0.09092582485604742 0.9274713300902291 0.3312178497320737 0.17346950129519587
0.11246817443371389 0.930830021476874 0.36529144061420177 0.010845945386407417
0.11038952688622979 0.9377225969558624 0.3457260079685756 0.033909564617191794
0.11033564825140921 0.9729288932307939 0.2258584930714343 0
0.10983817381376225 0.9570993845966078 0.27448145602946283 0
0.11307093087760349 0.9185216215906647 0.3949026515375704 0.01923347288163003
0.1251783515340924 0.9255117543530652 0.37855518373538916 0
0.1624377926571896 0.957411157003331 0.27993250062178254 0.07072249671197997
0.16977613846694511 0.9483965399997996 0.2667531835735029 0.17142561643418625
0.17374220281097713 0.9276431530141012 0.33851203329457386 0.1577586256939683
0.15245301230490366 0.935873599676234 0.3291797315012906 0.12562368326790857
0.12625104506445708 0.9686834345309067 0.2104609650066295 0.13175198622366235
0.13152754443066667 0.9886256751427874 0.11320828784589738 0.09901089844828366
0.11782504027704586 0.9801058805934321 0.1978075963971535 0.016267072072134334
0.09440244813498788 0.9897282766875081 0.14077776831092467 0.024890927555499275
0.06013436277624778 0.9621162545374485 0.26970343523023493 0
0.03496837426642767 0 0.8828983603275378 0
0.08931807116534181 0 0.33718802675115617 0
0.13094253631024186 0 0 0
0.19999313796867463 0 0 0
0.20737481638071262 0 0.006068472671406777 0
0.16036586060653293 0 0 0
0.15822980994074665 0 0.1677985486212868 0
0.12301182440732915 0 0.20077787892832777 0.023340994954421858
0.0848687893838491 0 0.09449442421148334 0.09860287743806957
0.06602648575217018 0 0.11684126843144266 0.014473104679120836
0.05474269541424575 0 0.20236387157378155 0.06295198523768772
0.06373496777751052 0 0.43985579805766983 0
0.05663555167442321 0 0.8205716705615533 0.21481191736105515
0.05800093760150321 0 0.8960177599295363 0.4126492529286227
0.05611832752783798 0.6487624646258943 0.5601309955172026 0.5151315680033925
0.0666885236547602 0.6850879583402313 0 0.4451502825490113
0.06968090474673985 0.9002859301339221 0 0.30780289472557376
0.04365955975698786 0.9249053908914444 0 0.14477613755142515
0.027728335308723876 0.48288140822161085 0 0
0.030812902741110273 0.3693210989015217 0 0.04098535800194692
0.056078881817968884 0 0 0
0.014967478418549741 0.871303958672725 0.48949660599591294 0
0.015027713945247033 0.8329874919722839 0.36263279332795634 0.4178867016583364
0.012759856927227696 0.9706525379269922 0.09241705854065449 0.22201967909766693
0.012350568805048503 0.9920856454908382 0.07740075935777041 0
0.013111479946231016 0.9579254300487656 0.2857810866312151 0.02660903972357682
0.013863730381631495 0.7519356435340614 0.6417121455862973 0
0.010412782227693557 0.15479552605332636 0.9006285152193534 0
0.010354247900862224 0.04649901854266063 0.9980441516185568 0
0.031008089572642873 0.5006535959597828 0.8395229512476177 0.2110620552855174
0.019665753480209328 0 0.2728468136343018 0.4878600373825292
0.04191916688556729 0 0.06857062457708779 0.009320279068730376
0.08857128221723945 0 0.04479736026389526 0
0.010084833768836473 0.9382193788256398 0 0.09479060095804767
0.0015439187683548774 0 0 0
0 0 0 0
0 0 0 0
0 0 0 0
0 0 0 0
0 0 0 0
0 0 0 0
0 0 0 0
0 0 0 0
0 0 0 0
0 0 0 0
0 0 0 0
0 0 0 0
0 0 0 0
0 0 0 0
0 0 0 0
0 0 0 0
0 0 0 0
0 0 0 0
0 0 0 0
0 0 0 0
0 0 0 0
0 0 0 0
0 0 0 0
0 0 0 0
0 0 0 0
0 0 0 0
0 0 0 0
0 0 0 0
0 0 0 0
0 0 0 0
0 0 0 0
0 0 0 0
