0.0 0.0 0.0 0.0
0.00043094530783394314 -0.00018102913674679675 0.00011585864751794992 1.5286904880840616e-05
0.0031803841582114596 -0.0013193484201077074 0.0005880208734067958 -0.0006650262518770634
0.00655822484899813 -0.002928299825384872 0.0012753223043683645 -0.0007423967306721785
0.014626183037352787 -0.9588064817850891 0.22238385875501365 -0.17673581939136893
0.02344986629840549 -0.9681623359846551 0.15073237225846506 -0.19985355421815698
0.029635920702441997 -0.9740771095019297 0.09635170402286823 -0.20467079389895404
0.03786306830235891 -0.978694171726119 0.12586218040545594 -0.16222339465442595
0.045957206879003246 -0.9784621188576116 0.15241993906109783 -0.13921222696697352
0.055125881670592694 -0.9799775444114763 0.1487334858465542 -0.13237206139249272
0.06437881525712381 -0.9815259526666779 0.14277389040617178 -0.12736726604591822
0.07382871739976464 -0.9832005976488177 0.1315782559814403 -0.12650591818468104
0.08286353251262593 -0.9859182182384976 0.12127553313953773 -0.11514126978301126
0.09343294908849942 -0.9888002465282952 0.09011045016948527 -0.11897133787496285
0.10467683665743742 -0.9889160751262559 0.09883344320016842 -0.11080138474845483
0.11690334353580059 -0.9888742107374408 0.1001732197734305 -0.10996872909431209
0.1277066563540923 -0.9898690035091009 0.1015029188889094 -0.09927997456145528
0.13599831319509287 -0.9933132938874296 0.07505285806140723 -0.08772553039653176
0.14663889409103237 -0.9955959923733327 0.07634478651330269 -0.05440674170003868
0.15161384464726987 -0.996284426686512 0.07599791617319156 -0.04051737749751833
0.15833239122823076 -0.9963815022109148 0.07281528675866393 -0.0438387507370582
0.16731686837533438 -0.9957231671511928 0.08316356288056896 -0.040239237162491004
0.18521709311706833 -0.995639527633454 0.08744389227927989 -0.03248840896175343
0.1987423563927178 -0.996590877578737 0.0741664464390472 -0.03613808170659031
0.2210760915377808 -0.994851694600886 0.09596982239170675 -0.032556089135819345
0.23144490463127856 -0.9956312417612212 0.0881907091455288 -0.030672940019349903
0.24202331493543922 -0.9971797286191786 0.07165411530970932 -0.022322109895058714
0.25711986657299024 -0.9972410013397877 0.07053407029071798 -0.02313720326730163
0.27520676074436584 -0.9960670475780694 0.08240394428692976 -0.03255805115583307
0.2822655265628343 -0.9946718535036188 0.09708967883810427 -0.034662632773255334
0.2891836641079012 -0.9894662554163701 0.13357592104500354 -0.055803249988488755
0.296676884134118 -0.9864260390231121 0.1536888734129835 -0.05782213872054134
0.2989791331173782 -0.9799116493830686 0.18942746227819093 -0.062373038551937675
0.30300790989534143 -0.9707370909336991 0.22958251929522214 -0.07043697267514747
0.31102855781744304 -0.9636425132317055 0.2553108190680525 -0.07880033222818239
0.3256832763706491 -0.9545858010021453 0.28331959972831305 -0.0921734936675695
0.3410433085818069 -0.9491069223273082 0.302134550826317 -0.08894247122364078
0.3511143230193565 -0.9437265598625878 0.3183279938490513 -0.08970768385127008
0.35809309556927105 -0.94007398993598 0.33071214777142627 -0.08300824514624154
0.3676240639037091 -0.9366650916126154 0.34339848893722796 -0.06881848552502398
0.3804646327799753 -0.9386905443738021 0.3398768579299986 -0.05782545587234322
0.39567491497738766 -0.9398828201087358 0.33943170015797136 -0.03750207184032573
0.4076224374079966 -0.9357703942527139 0.352356694294219 -0.013361482933052563
0.4158033400962764 -0.9302129825265759 0.3670065239052448 0.003165209313907543
0.42633040572485403 -0.9274746892308052 0.37359426314682664 0.014765750235013947
0.4443631373791408 -0.9276652198750278 0.37230901694999735 0.02869208483093552
0.45616991784893685 -0.9257850041458554 0.3760370578981204 0.038964819850475674
0.46876515369570626 -0.9258184077099311 0.37530769914640916 0.044770603155153764
0.484790638175012 -0.9265781587223716 0.37299409752913265 0.04825265782410497
0.5031387353600525 -0.9261452008861644 0.37319268914568865 0.05461028880839837
0.5307052673505476 -0.9262645408552347 0.3715710325603493 0.0629997469540682
0.550736407199031 -0.9242962276672707 0.374987995301213 0.07113709932260054
0.5639447946760019 -0.9214770195140979 0.3803181266050297 0.07898243528186598
0.5574328169006956 -0.9178290863454863 0.3856881880319231 0.093991435093084
0.5219282422091766 -0.9124268597065683 0.3910881945380905 0.12052904122638233
0.4942152014209776 -0.9076387372363133 0.3964862105215742 0.13780641325537177
0.46270930988140485 -0.901620861268975 0.40347499592688874 0.1558452764327051
0.4262781997755507 -0.8948195414403182 0.40573018758688956 0.1862283628700212
0.4132186460006368 -0.8870227226900361 0.41239978001496186 0.2076466009237005
0.3944161042501246 -0.8770309128320132 0.4235056788556602 0.22684734495701633
0.38087648666598295 -0.8664332668724501 0.43643078003018415 0.2425315820650524
0.3649824096532459 -0.8554298233251396 0.4516045754603761 0.2535608897073253
0.3522455795905564 -0.8423768784620679 0.4711868043523332 0.26150370941297063
0.34378536967662543 -0.8328030855809576 0.4850464242837683 0.2667751617680556
0.3360997335109259 -0.8217539889237907 0.5000160488205563 0.2733209333544011
0.3319651404583371 -0.8133102207502491 0.5121446389491412 0.2761056928403245
0.3256905141661369 -0.8009815575400191 0.5261101796393086 0.28572123365382573
0.3196563036724813 -0.79291908397622 0.5363630398572278 0.28912629721531236
0.3014536997939673 -0.7730696787656732 0.5499856352662283 0.3160365054450704
0.29848656480270147 -0.7668294364170458 0.5521254191375401 0.32730740441748346
0.2936220116742727 -0.7582797731595137 0.5564791385483125 0.3396214863309884
0.2815119119352004 -0.7378594896708862 0.5670034985932165 0.36615625911034716
0.2687549403664965 -0.7110970931492213 0.5827365902007995 0.3933941923260727
0.2664168249292986 -0.7036576921092402 0.5857262205180622 0.40223208093476864
0.26299342156943334 -0.6957156758100391 0.5904533808419268 0.40907762525528935
0.2614756764321819 -0.6960701107331053 0.589137269783944 0.41037017227805966
0.25835858726860456 -0.691041174148597 0.5917054957701076 0.4151466029088736
0.24889304407914667 -0.6676253269328056 0.6090027467584357 0.4282430119436117
0.2417563475543955 -0.6507039551070112 0.619101010026394 0.43965702791199024
0.2396012013712747 -0.6493858310640629 0.6288657203271072 0.42758151060434363
0.2343005387571524 -0.6490801435907555 0.6287796411371562 0.4281718464444282
0.22733168705489037 -0.6280741446974348 0.6319433118556318 0.454060039381928
0.23014671474720605 -0.631922737977458 0.6375098650683964 0.4407434913501932
0.20836287511217216 -0.5930717367695918 0.6443473945416706 0.48278602940892995
0.19136350575623484 -0.535601984399481 0.6626383123682005 0.5234892370327726
0.18954764105048094 -0.5439702545612639 0.6627604610984489 0.5146308709717499
0.1708227675649297 -0.4815357999487563 0.6748423109760641 0.5592058017261934
0.15852476112384598 -0.4325954435088416 0.682932843128392 0.5886118534586071
0.14720956010515182 -0.3747503138671298 0.6859132342382461 0.6237669735993597
0.1318034429625952 -0.3126735816111059 0.6987200869841603 0.6434481108895685
0.1175887222336064 -0.2427697458547447 0.7075241831074958 0.6636809329909834
0.106755618829413 -0.14436611087375675 0.720752094030067 0.6779932484784824
0.09982278572896833 -0.07657312894042664 0.7255604559900667 0.683884917678232
0.0968505654823642 -0.021892453372094372 0.7418894632714018 0.670164714657693
0.09384306721104056 -0.004487511262739531 0.7636766308447744 0.6455833530568935
0.09331516112960551 0.022992147517884996 0.7821807379127305 0.6226272194426005
0.09318184490051913 0.029563903383645528 0.8105789429222383 0.5848826830294903
0.09208650654906829 0.04658232200122667 0.8428318381566108 0.53615723427597
0.09129659872893411 0.06833111271155973 0.8607221262592812 0.5044683145682514
0.09306335254686542 0.02850605448350931 0.8826651532728185 0.46913711434469335
0.08955935235559241 0.12801391970905424 0.8893652555871945 0.43890987516230384
0.08857703870686356 0.14228560176091923 0.8826886103732675 0.4479013559355147
0.0864712962105437 0.21444968586670105 0.8678810497697623 0.44810022950479766
0.08344307325776343 0.3143162954850856 0.8395672836220258 0.4430937176987223
0.08402514109572466 0.5107774233053956 0.7774362468128243 0.367014040580224
0.08754269969654854 0.7010835524857576 0.6627935565454595 0.2630333701944263
0.08567850512091489 0.7921967699707426 0.5786411034858921 0.19390397366893908
0.08754088876402834 0.8585028791600814 0.4936322116098207 0.13892460593756156
0.09663614207261836 0.8758127817774808 0.46202737757658924 0.13958034834744465
0.09928679926464228 0.907458878842514 0.4057754449931313 0.1089250726447162
0.10989479466197699 0.9589381452558422 0.27425006929892565 0.072280931529485
0.11646042577432847 0.9739371377304841 0.2247539529763861 0.030530515404282685
0.115101008338311 0.9694954531378613 0.24203663022744987 -0.03868896448724444
0.11568768049065094 0.9795716747175311 0.19733631732690568 -0.03870028365366817
0.11090383058186908 0.9962168149291968 0.022592862493530274 -0.08391436239838293
0.1062271349822405 0.9774850039017629 -0.16062817611177663 -0.13682710325859296
0.10360027767553735 0.9532582665390986 -0.23627673305044256 -0.18834007192827093
0.10618451455584507 0.9393548264244129 -0.2828733708857077 -0.19389472947197836
0.11433653528186404 0.9017275624982469 -0.38788958628937154 -0.19086401410216833
0.12562531764976687 0.8454111794138838 -0.4992888555565856 -0.1897118247212471
0.12892176304894645 0.8191424138785759 -0.54087208571208 -0.19095311645173305
0.13838590914238114 0.7915736912589902 -0.584320345878683 -0.17883183357228336
0.14364021331087598 0.7632995134952804 -0.6250867386438669 -0.16321893845220453
0.15115894128428115 0.7393080166990309 -0.6592798104831166 -0.13701747309715975
0.1688180011342042 0.7061628094777133 -0.69630724460389 -0.12841459271701686
0.17611209901570574 0.6752574694640346 -0.723940271849001 -0.14120139067380405
0.18481516858174005 0.6493183709217559 -0.7437784684206835 -0.15867968709733418
0.18981921557387088 0.6328637116079708 -0.7520217807331419 -0.18424647576742686
0.18952256835352072 0.6039972496059702 -0.7662074721238047 -0.21934774247776725
0.18807194129670796 0.5750427241586731 -0.7727719156633173 -0.2686064626069737
0.18257089213935673 0.5515031693306244 -0.7466572776593459 -0.3719504858668658
0.1759524691145213 0.5395301343252814 -0.6725363078953815 -0.5065591265760055
0.17225974968566116 0.5325902174845538 -0.6082948600042906 -0.5884938602331471
0.17005254486000435 0.5349135526306961 -0.4994072852478058 -0.6815129159842754
0.16827181902753266 0.5448833733757837 -0.375173148864905 -0.7498981382757478
0.16971463519981236 0.5399774049328159 -0.2629029552533215 -0.7995664064235695
0.17205689233765836 0.5549020939948118 -0.1507315907311279 -0.8181464744383063
0.1787813833136107 0.6068945746088895 -0.03704988431867924 -0.7939183090106214
0.1835901896267822 0.648673159779753 0.004738805382193287 -0.7610523474143308
0.18850038498904045 0.7016296518480533 0.03979206633222033 -0.7114298441199908
0.19201120349480835 0.7492142808959722 0.04098339035688332 -0.66105848683485
0.19319379333016481 0.801966983589171 0.031001592510039092 -0.5965633734103348
0.19942981054851494 0.8554463624582171 0.01411253030953313 -0.5176990993282233
0.19919538441713971 0.88085871082167 -0.05985309561981716 -0.46958017261622326
0.199228172020147 0.8924462047754551 -0.10622841832181658 -0.4384692631447533
0.20075719887891452 0.8964226374105162 -0.16183856959266232 -0.41259511937271637
0.20919693941996623 0.8928063062977171 -0.23206148531530632 -0.3860626457820926
0.2180643903511098 0.8766901309973933 -0.30376919274495484 -0.3730129913969123
0.22478851604507372 0.8641670334106027 -0.3401281295033741 -0.37084793903548857
0.23457726489476424 0.8518313148494129 -0.37304781091789807 -0.3677210108374154
0.2472563240392758 0.8412121442724988 -0.4055499344453008 -0.3576190417188226
0.26058182902671895 0.8335787141762068 -0.434110493284395 -0.3416059233864684
0.2717556945763473 0.8260938169282908 -0.45517713653768466 -0.332239040460612
0.28613101267719604 0.8137182696657951 -0.48045500831335064 -0.3271476159147839
0.29371662875259774 0.8064405593788202 -0.4894438492614435 -0.3318107029752344
0.29277141543536617 0.7965482736770587 -0.4822611408820447 -0.3646025777435718
0.293452903009754 0.7853722591298943 -0.4678898981669789 -0.40530168736696104
0.2966359725429668 0.7787355289914253 -0.4441692287304649 -0.4430402601744276
0.3005058635821254 0.7715210099685104 -0.42527260246320786 -0.4731791888611973
0.2993372388320288 0.7638109402558259 -0.39488300903060464 -0.5105489758333247
0.29709115982908074 0.7537269048112404 -0.36373644729012683 -0.5473495682618443
0.2957251075916495 0.7410180155669446 -0.3362198097375432 -0.5812474001191603
0.2955600428334663 0.7306777255405722 -0.3005795035871091 -0.6129943094533488
0.29490640888771286 0.7204703852279384 -0.2581443422492134 -0.6436489125091664
0.29859856817509023 0.7181293508183185 -0.2084565729130239 -0.6639548875508173
0.300766463349098 0.7159113485943122 -0.16320034044476875 -0.6788494603611186
0.3056537373163297 0.7103323499543006 -0.10605670995389252 -0.6958303865757502
0.3109181059649069 0.7050070732864028 -0.060340227186454036 -0.7066286744813239
0.31993498551445715 0.7087025834878367 -0.02523325305349932 -0.7050559772798273
0.32314396597796163 0.699232751127683 0.031390344337648424 -0.7142045967597656
0.32903688855295665 0.7010190621908228 0.06135381161224291 -0.7104984055195012
0.33494326730875557 0.7044388317221894 0.09134704359598433 -0.7038619537864949
0.33823985051825495 0.7059849867230052 0.13169696628891844 -0.6958743475599731
0.3435087030494938 0.7060838445068663 0.16640290692227552 -0.6882991189114075
0.34692430264215923 0.701158289993869 0.19649058131292643 -0.6853966033094853
0.3497892010208624 0.6834562404208561 0.24248876086479382 -0.6885395909343455
0.35852317012308216 0.684160153640319 0.27275033477357746 -0.6764112203768935
0.36478993025110723 0.7400778218801969 0.2243652931030024 -0.6339913507390005
0.3706794787218049 0.7905604599909383 0.16514548154308833 -0.5896957936299076
0.3694220237319811 0.8238192874267669 0.13103095834770853 -0.5515003804333563
0.3660588856933113 0.8561366777288981 0.0728667192014485 -0.5115861904705199
0.36368454693236113 0.8664932801887762 -0.015244699784315079 -0.4989559043805198
0.37610489390198965 0.8670450688136668 -0.1079705490861614 -0.4863899764344792
0.3836800481779337 0.8569808746076484 -0.146079805949441 -0.4942109578413626
0.3856617701473116 0.836058988778323 -0.041466353471119335 -0.5470702960431801
0.40217008315803665 0.7716335865919058 0.17792032158436225 -0.6106766470159399
0.40156263849449864 0.788458339359905 0.1624352747519908 -0.593252247033299
0.40556519510974876 0.826497556618544 0.05966782690531897 -0.5597691839820843
0.4019271515584712 0.8333567640306028 -0.038814193359581285 -0.5513709842186874
0.4074691644013849 0.8310694560875622 -0.13377958017468022 -0.5398394049035372
0.4165519306678444 0.826163929793506 -0.21799457313136703 -0.5195493501039395
0.41309939313543154 0.8002012060490292 -0.2376294356351069 -0.5506453315496459
0.41425140668877525 0.7631985125941407 -0.20280084226793696 -0.6135143427414745
0.427844060836739 0.7352419730434694 -0.13883025872372798 -0.6634345486465433
0.4586416188540465 0.7176963574259035 -0.013139158827526498 -0.696232217757048
0.48270535747221566 0.7339085357710156 0.08669639662420436 -0.6736928053162067
0.4786969090863448 0.7569296479979308 0.019480842565283693 -0.6532059436002411
0.4791972577664216 0.7731874678454925 -0.08476807595249873 -0.6284866847165401
0.48138914576432495 0.7753219109409195 -0.1732218144885598 -0.6073468015888516
0.48528341964674343 0.7708706145630619 -0.2346117554956707 -0.5922126474387459
0.4942836122414625 0.7683726558880397 -0.2904856255644903 -0.5702820030686283
0.49500990315582416 0.7694406877973183 -0.30517174120873614 -0.5610982412462405
0.46862155088204804 0.760628443655843 -0.16314958138226154 -0.6283522776249674
0.47837508835538817 0.7226775932153002 0.03484200155260675 -0.6903065487103128
0.4727362017125458 0.729740222218892 -0.014609796029276008 -0.683568403260347
0.4849547634724433 0.7511871166936848 -0.10133837706839222 -0.6522640945557093
0.49106943780825735 0.7546979427845895 -0.1719269571087411 -0.6331446411176803
0.49739139616864525 0.7534089440192028 -0.23407274804713493 -0.6144793826431708
0.5097355354270022 0.7507861233920001 -0.28443056536080846 -0.5961706554423353
0.5199259530660199 0.7502563223561213 -0.31396462975613065 -0.5818433311697923
0.48517148744298344 0.7423900141517707 -0.19415403884762036 -0.6412185868226922
0.49236024005163553 0.7333965890804972 -0.05647050761584632 -0.6774514926507297
0.4871294805537578 0.7184003916619579 -0.044866100647264394 -0.694181467825709
0.5041664514314944 0.7258361874777024 -0.06805899279386288 -0.6844923684364329
0.5560285174795332 0.7714708096936191 -0.1738277278908336 -0.6120594013712879
0.5722244693019858 0.75390799516501 -0.22777665340111733 -0.6162309072025381
0.5701671118813793 0.7493079048629097 -0.2296670438109363 -0.621120529927245
0.5526352898258604 0.7308538439239424 -0.19851523149309314 -0.653027075768562
0.5634355087706968 0.7435175307926191 -0.21149477696709015 -0.6343907634255745
0.5540546233569588 0.7412466097850514 -0.1885868302166806 -0.6441959879966624
0.5557387988386432 0.7438890833897439 -0.20077765538364575 -0.637430282236583
0.554694824477215 0.7458369326950455 -0.19889518451026758 -0.6357420667272771
0.5537423785553046 0.7441382952019209 -0.20255401970042014 -0.6365768348889076
0.5404579387226592 0.7322624236470503 -0.17865299994457248 -0.6571718561573909
0.5134504074980477 0.7123483139203428 -0.08628503495116116 -0.6965018107645723
0.5013288470706447 0.7051355170401552 -0.035337320996477364 -0.708191482830246
0.48804583203694724 0.7003635139835742 -0.06476339139083613 -0.7108422127421404
0.47131994442443104 0.6936868993146604 -0.13105367274289786 -0.708253782608896
0.4657248641237257 0.6843993239502215 -0.18052816357212303 -0.7064043796111117
0.45738647848293296 0.658467605953609 -0.21446881313128266 -0.7214038675414632
0.4614194989633754 0.6549557555619396 -0.21508904058859904 -0.7244098721545481
0.48846027322254715 0.686303493914455 -0.1765239565920104 -0.7055684282831206
0.5210546992400111 0.7223812241721089 -0.1288422094561222 -0.6793857902738847
0.5529327252458289 0.7533857724466482 -0.08220262757041534 -0.6524205743962157
0.5759923366177819 0.7831868868701231 -0.051125492651512935 -0.6196809535848455
0.5873456598874528 0.7985569804331424 -0.026486923215491592 -0.601336172120121
0.5933507176016041 0.8052085368553346 0.01666386376273499 -0.5927575624315466
0.5944505851732839 0.8097700237037162 0.05268169063281017 -0.5843775733059519
0.595071054368368 0.8086661319957761 0.06590680908813817 -0.5845642646269187
0.5860910016642765 0.8073801019950618 0.09386773591018448 -0.5825171405697323
0.5858320556496992 0.8130671556280844 0.11708778915148052 -0.5702738377924008
0.5836512249855985 0.8200106816454032 0.11070612035908142 -0.5615395239005754
0.5786392255011061 0.827504814855611 0.09171401942616783 -0.5539172501660137
0.58179446552386 0.8356398017950936 0.05124635139861182 -0.5468820102400411
0.5947192735317696 0.8431806693226049 -0.029017160905609046 -0.53684668505418
0.5990695815681069 0.8448946779782985 -0.07423762341386823 -0.52975631982432
0.6086556975517535 0.8354868506692923 -0.12880078861672295 -0.534202283044934
0.613977930498659 0.8231092849106342 -0.17681929747349878 -0.5396536307066638
0.6302402518754557 0.8029849722639281 -0.21825384145717602 -0.5545993103200589
0.6266086524764336 0.7916992143159289 -0.20677493534576327 -0.574853442334908
0.6247720240581975 0.7911410335048047 -0.21655962707825563 -0.5720120567126894
0.6225477611869561 0.789288397612201 -0.21327259766164575 -0.5757939079926212
0.6296508614753648 0.7823693508283334 -0.2368041667831614 -0.5760399165670577
0.6378814038981213 0.7578707069604718 -0.2836086633710043 -0.5875356309128394
0.6301996882211252 0.7432661500094995 -0.3097423610418203 -0.5929714158593955
0.6276728927758413 0.7325831340147693 -0.30934136859794426 -0.6063248876889769
0.6230767105236166 0.733946875825294 -0.27274891005309854 -0.6220369888769766
0.6249975582394974 0.744186530179405 -0.2377082872674933 -0.624244486130147
0.6208144031829964 0.7538070407186485 -0.20636780905480864 -0.6238487579124566
0.612914890132008 0.7484931120914913 -0.19747136470795285 -0.6330585449008419
0.612437514929792 0.7530848384492828 -0.1506036151660439 -0.640454352156916
0.6270718182325127 0.7679689076123236 -0.10312969942740415 -0.6321297509505046
0.647922107960988 0.784193937830464 -0.10197633330338143 -0.6120789943430104
0.6627627225196234 0.7908973994267244 -0.0958319254480152 -0.6043984990426182
0.672016048418256 0.795796208748831 -0.11452383510382137 -0.594636599389997
0.6825286377388614 0.79524185854509 -0.14883358371391328 -0.5877405471605829
0.6698543515520139 0.7933522740769919 -0.15382506681876196 -0.5890076553280703
0.6594974564818814 0.783219518074206 -0.17284358905729152 -0.5972372059989257
0.6591444383997846 0.7852101951534591 -0.18714779337071807 -0.5902716771653008
0.6567023467408711 0.7922797323667479 -0.1833100112160631 -0.5819710177223961
0.6553395754502501 0.7990893344547512 -0.18663128115783006 -0.5715111551440171
0.6578333251877128 0.806471870531694 -0.19182936797590297 -0.5592893845077653
0.6528061882210753 0.8162072668873379 -0.19558156352665748 -0.5436483693425083
0.6588947315897593 0.8160233157343794 -0.19002488671123677 -0.5458905481946478
0.6616272553155483 0.8168646130038122 -0.1990599417576111 -0.541393889519993
0.6642715849894004 0.8148378190370343 -0.2007574229025794 -0.5438159484756633
0.6616650520267375 0.8159979460864413 -0.19768857662632036 -0.5432003117213495
0.6676672201486713 0.8156877379974932 -0.20693456020498321 -0.540214403615179
0.6647246739120103 0.8174884657379649 -0.19982555267274668 -0.5401688225771812
0.6650235968310537 0.8186806544050976 -0.20114165177420534 -0.537869893212464
0.6594176538577461 0.8214988949093013 -0.19466789687062336 -0.5359514675703089
0.6636588525721081 0.8210529383134425 -0.19658539696379035 -0.5359349346585403
0.6622005430134431 0.8205782740567312 -0.1977093472934138 -0.5362483660943762
0.661611439076663 0.8196971857362337 -0.20834424673398583 -0.5335627409676825
0.6628926564735403 0.820727785677202 -0.23335840917773737 -0.5214880196931029
0.6723792151897888 0.8211581293617891 -0.276786881022664 -0.49908751645056465
0.6889679719662184 0.822657257410221 -0.31573349002047846 -0.4728079949723577
0.7153759190771272 0.8200696122008723 -0.34613381316931713 -0.455716155655665
0.7491562183093536 0.8144902268130985 -0.363730702515063 -0.45200182131695743
0.7817691891579028 0.810259148106745 -0.36375962726603156 -0.4595204527337253
0.7884674088731612 0.8045516863877423 -0.33965845610302414 -0.487163953026443
0.7823655794134909 0.7974828696505295 -0.29386050083060955 -0.5269412478308544
0.7761086516061663 0.795540556690784 -0.24961486645648245 -0.5520938698301485
0.7736601545283547 0.795338702642549 -0.20369370181590782 -0.5709161268692625
0.7725935665306618 0.796500749843108 -0.1731689792609445 -0.5793091231122546
0.7817398911552452 0.8034839521488039 -0.14606290540004077 -0.5771301121111562
0.8150335455247444 0.8320722436876162 -0.12743356170514786 -0.5398300368039909
0.8347320736835894 0.8496524615248633 -0.1168259603499986 -0.5142396227567858
0.8599590985928837 0.865476635912369 -0.10312334934812384 -0.49022012148527017
0.859600387704179 0.8683753677258205 -0.06293454319892455 -0.49189781865687243
0.8576637660392764 0.8661442303159355 -0.016800645989744158 -0.4995116721206231
0.8649191990561038 0.8653471107596707 0.010314941116520466 -0.5010668417383584
0.8766307392761064 0.8676583687665474 0.03353999804560299 -0.49602824883314317
0.8988152157056883 0.870119554559543 0.050921043711656525 -0.49020302740845967
0.9196474281055044 0.8688514360404809 0.06596706075237097 -0.49065826089661024
0.9369030287487338 0.8717161347997183 0.07162619908697886 -0.4847480458281301
0.9550953731654449 0.8818503908875578 0.0776944357563314 -0.46508436088947114
0.9657134045506564 0.8934486044969723 0.07021320870609131 -0.44364365930959443
0.9683510132168032 0.8993334592275334 0.06983889967739429 -0.43165015603575146
0.9691822155605595 0.9046552841409545 0.06002928557871701 -0.42189489419612175
0.9757301534133133 0.910148550128219 0.03432271522064466 -0.4128578059324824
0.9777120800407036 0.9132644619723365 0.011176561365715883 -0.4072138344585271
0.9764280979927749 0.9160872379801169 -0.013904759448548739 -0.4007378570520127
0.9748775913316741 0.9186889092480188 -0.045223367937884694 -0.39238442249538924
0.9793186776049164 0.91857940842012 -0.07527897652561259 -0.38800121922462927
0.9980438306843666 0.9174905415120609 -0.10162027334761023 -0.3845574421080193
1.0168180705519578 0.9143039881283022 -0.12720202047399634 -0.3845359063598787
1.0407093223244581 0.9115668412355316 -0.14876382197345284 -0.3832952115950931
1.060029257638291 0.9084075986116814 -0.1541432092855241 -0.3886328676472401
1.0681782347799413 0.9063266251281442 -0.15356600424682862 -0.3936870977356152
1.0878118984233982 0.9072941048508106 -0.15383854591383778 -0.3913452556171887
1.0977860927567407 0.9002030108566204 -0.16227832146689622 -0.4041043004306718
1.102117363642898 0.8941448448561339 -0.16244581466974994 -0.4172725173234888
1.1129332505488598 0.8875247009754149 -0.1782762364185544 -0.42487349727528906
1.1255993974479857 0.8806577115040618 -0.19532313466755688 -0.4316142586060707
1.137531009264432 0.877263091707046 -0.19806315839136335 -0.43724187038369555
1.1528282159745293 0.8760589322864357 -0.20632016295889183 -0.43583567719699856
1.1596127267649399 0.8746157165927785 -0.2093538347918441 -0.437285170280047
1.1710691879683355 0.8760478066868481 -0.21403432565815805 -0.43212214458324155
1.1795210935907146 0.8730595612421034 -0.21782520719292509 -0.43625586716410436
1.1837177249677548 0.8724292404369528 -0.22181427975978807 -0.4355061948184535
1.1806530288237926 0.8736881799397515 -0.21776564490092398 -0.43502538791942724
1.1806311831550036 0.873877990663509 -0.21571499693578905 -0.43566535039052756
1.1792812045503658 0.8740853531346013 -0.21239639888283032 -0.43687820405367606
1.1792232745681943 0.8736415700712661 -0.21440231894467254 -0.43678604908417173
1.181684139553006 0.8718033698408469 -0.2176441723594163 -0.438850656342368
1.1811228393388025 0.8709110810003938 -0.2189264545465364 -0.43998306386770036
1.1809891843349045 0.8710358065448246 -0.2190295097605533 -0.43968477068333656
1.1830583260342802 0.8709994311576208 -0.2214366197803245 -0.4385496714664887
1.1880833973809077 0.8696969523095588 -0.22287001981702934 -0.4404045474449858
1.1698460222131826 0.8717021152874211 -0.2137312995926847 -0.4409697878288918
1.15096989427185 0.876353409496493 -0.18239459175856904 -0.44579918636208415
1.1217240518043656 0.8762296784659719 -0.1309497364753563 -0.4637604091472811
1.1087600188314546 0.8692047235113017 -0.08421250604414482 -0.4872282857669557
1.0985312732320613 0.8579204536263738 -0.04281179855285439 -0.5119957472032236
1.0953444494679385 0.8577497326251887 -0.04384444718037505 -0.5121943582595037
1.0918589378919008 0.8575607991774243 -0.044980398765493715 -0.5124121772958501
1.0918589378919004 0.8575607991774246 -0.04498039876549373 -0.5124121772958503
1.0918589378919004 0.8575607991774246 -0.04498039876549373 -0.5124121772958503
1.0918589378919004 0.8575607991774246 -0.04498039876549373 -0.5124121772958503
1.0918589378919004 0.8575607991774246 -0.04498039876549373 -0.5124121772958503
1.0918589378919004 0.8575607991774246 -0.04498039876549373 -0.5124121772958503
1.0918589378919004 0.8575607991774246 -0.04498039876549373 -0.5124121772958503
1.0918589378919004 0.8575607991774246 -0.04498039876549373 -0.5124121772958503
1.0918589378919004 0.8575607991774246 -0.04498039876549373 -0.5124121772958503
1.0918589378919004 0.8575607991774246 -0.04498039876549373 -0.5124121772958503
1.0918589378919004 0.8575607991774246 -0.04498039876549373 -0.5124121772958503
1.0918589378919004 0.8575607991774246 -0.04498039876549373 -0.5124121772958503
1.0918589378919004 0.8575607991774246 -0.04498039876549373 -0.5124121772958503
1.0918589378919004 0.8575607991774246 -0.04498039876549373 -0.5124121772958503
1.0918589378919004 0.8575607991774246 -0.04498039876549373 -0.5124121772958503
1.0918589378919004 0.8575607991774246 -0.04498039876549373 -0.5124121772958503
1.0918589378919004 0.8575607991774246 -0.04498039876549373 -0.5124121772958503
1.0918589378919004 0.8575607991774246 -0.04498039876549373 -0.5124121772958503
1.0918589378919004 0.8575607991774246 -0.04498039876549373 -0.5124121772958503
1.0918589378919004 0.8575607991774246 -0.04498039876549373 -0.5124121772958503
1.0918589378919004 0.8575607991774246 -0.04498039876549373 -0.5124121772958503
1.0918589378919004 0.8575607991774246 -0.04498039876549373 -0.5124121772958503
1.0918589378919004 0.8575607991774246 -0.04498039876549373 -0.5124121772958503
1.0918589378919004 0.8575607991774246 -0.04498039876549373 -0.5124121772958503
1.0918589378919004 0.8575607991774246 -0.04498039876549373 -0.5124121772958503
1.0918589378919004 0.8575607991774246 -0.04498039876549373 -0.5124121772958503
1.0918589378919004 0.8575607991774246 -0.04498039876549373 -0.5124121772958503
1.0918589378919004 0.8575607991774246 -0.04498039876549373 -0.5124121772958503
1.0918589378919004 0.8575607991774246 -0.04498039876549373 -0.5124121772958503
1.0918589378919004 0.8575607991774246 -0.04498039876549373 -0.5124121772958503
1.0918589378919004 0.8575607991774246 -0.04498039876549373 -0.5124121772958503
1.0918589378919004 0.8575607991774246 -0.04498039876549373 -0.5124121772958503
1.0918589378919004 0.8575607991774246 -0.04498039876549373 -0.5124121772958503
1.0918589378919004 0.8575607991774246 -0.04498039876549373 -0.5124121772958503
1.0918589378919004 0.8575607991774246 -0.04498039876549373 -0.5124121772958503
1.0918589378919004 0.8575607991774246 -0.04498039876549373 -0.5124121772958503
1.0918589378919004 0.8575607991774246 -0.04498039876549373 -0.5124121772958503
1.0918589378919004 0.8575607991774246 -0.04498039876549373 -0.5124121772958503
1.0918589378919004 0.8575607991774246 -0.04498039876549373 -0.5124121772958503
1.0918589378919004 0.8575607991774246 -0.04498039876549373 -0.5124121772958503
1.0918589378919004 0.8575607991774246 -0.04498039876549373 -0.5124121772958503
1.0918589378919004 0.8575607991774246 -0.04498039876549373 -0.5124121772958503
1.0918589378919004 0.8575607991774246 -0.04498039876549373 -0.5124121772958503
1.0918589378919004 0.8575607991774246 -0.04498039876549373 -0.5124121772958503
1.0918589378919004 0.8575607991774246 -0.04498039876549373 -0.5124121772958503
1.0918589378919004 0.8575607991774246 -0.04498039876549373 -0.5124121772958503
1.0918589378919004 0.8575607991774246 -0.04498039876549373 -0.5124121772958503
1.0918589378919004 0.8575607991774246 -0.04498039876549373 -0.5124121772958503
1.0918589378919004 0.8575607991774246 -0.04498039876549373 -0.5124121772958503
1.0918589378919004 0.8575607991774246 -0.04498039876549373 -0.5124121772958503
1.0918589378919004 0.8575607991774246 -0.04498039876549373 -0.5124121772958503
1.0918589378919004 0.8575607991774246 -0.04498039876549373 -0.5124121772958503
1.0918589378919004 0.8575607991774246 -0.04498039876549373 -0.5124121772958503
1.0918589378919004 0.8575607991774246 -0.04498039876549373 -0.5124121772958503
1.0918589378919004 0.8575607991774246 -0.04498039876549373 -0.5124121772958503
1.0918589378919004 0.8575607991774246 -0.04498039876549373 -0.5124121772958503
1.0918589378919004 0.8575607991774246 -0.04498039876549373 -0.5124121772958503
1.0918589378919004 0.8575607991774246 -0.04498039876549373 -0.5124121772958503
1.0918589378919004 0.8575607991774246 -0.04498039876549373 -0.5124121772958503
1.0918589378919004 0.8575607991774246 -0.04498039876549373 -0.5124121772958503
1.0918589378919004 0.8575607991774246 -0.04498039876549373 -0.5124121772958503
1.0918589378919004 0.8575607991774246 -0.04498039876549373 -0.5124121772958503
1.0918589378919004 0.8575607991774246 -0.04498039876549373 -0.5124121772958503
1.0918589378919004 0.8575607991774246 -0.04498039876549373 -0.5124121772958503
1.0918589378919004 0.8575607991774246 -0.04498039876549373 -0.5124121772958503
1.0918589378919004 0.8575607991774246 -0.04498039876549373 -0.5124121772958503
1.0918589378919004 0.8575607991774246 -0.04498039876549373 -0.5124121772958503
1.0918589378919004 0.8575607991774246 -0.04498039876549373 -0.5124121772958503
1.0918589378919004 0.8575607991774246 -0.04498039876549373 -0.5124121772958503
1.0918589378919004 0.8575607991774246 -0.04498039876549373 -0.5124121772958503
1.0918589378919004 0.8575607991774246 -0.04498039876549373 -0.5124121772958503
1.0918589378919004 0.8575607991774246 -0.04498039876549373 -0.5124121772958503
1.0918589378919004 0.8575607991774246 -0.04498039876549373 -0.5124121772958503
1.0918589378919004 0.8575607991774246 -0.04498039876549373 -0.5124121772958503
1.0918589378919004 0.8575607991774246 -0.04498039876549373 -0.5124121772958503
1.0918589378919004 0.8575607991774246 -0.04498039876549373 -0.5124121772958503
1.0918589378919004 0.8575607991774246 -0.04498039876549373 -0.5124121772958503
1.0918589378919004 0.8575607991774246 -0.04498039876549373 -0.5124121772958503
1.0918589378919004 0.8575607991774246 -0.04498039876549373 -0.5124121772958503
1.0918589378919004 0.8575607991774246 -0.04498039876549373 -0.5124121772958503
1.0918589378919004 0.8575607991774246 -0.04498039876549373 -0.5124121772958503
1.0918589378919004 0.8575607991774246 -0.04498039876549373 -0.5124121772958503
1.0918589378919004 0.8575607991774246 -0.04498039876549373 -0.5124121772958503
1.0918589378919004 0.8575607991774246 -0.04498039876549373 -0.5124121772958503
1.0918589378919004 0.8575607991774246 -0.04498039876549373 -0.5124121772958503
1.0918589378919004 0.8575607991774246 -0.04498039876549373 -0.5124121772958503
1.0918589378919004 0.8575607991774246 -0.04498039876549373 -0.5124121772958503
1.0918589378919004 0.8575607991774246 -0.04498039876549373 -0.5124121772958503
1.0918589378919004 0.8575607991774246 -0.04498039876549373 -0.5124121772958503
1.0918589378919004 0.8575607991774246 -0.04498039876549373 -0.5124121772958503
1.0918589378919004 0.8575607991774246 -0.04498039876549373 -0.5124121772958503
1.0918589378919004 0.8575607991774246 -0.04498039876549373 -0.5124121772958503
1.0918589378919004 0.8575607991774246 -0.04498039876549373 -0.5124121772958503
1.0918589378919004 0.8575607991774246 -0.04498039876549373 -0.5124121772958503
1.0918589378919004 0.8575607991774246 -0.04498039876549373 -0.5124121772958503
1.0918589378919004 0.8575607991774246 -0.04498039876549373 -0.5124121772958503
1.0918589378919004 0.8575607991774246 -0.04498039876549373 -0.5124121772958503
1.0918589378919004 0.8575607991774246 -0.04498039876549373 -0.5124121772958503
1.0918589378919004 0.8575607991774246 -0.04498039876549373 -0.5124121772958503
1.0918589378919004 0.8575607991774246 -0.04498039876549373 -0.5124121772958503
1.0918589378919004 0.8575607991774246 -0.04498039876549373 -0.5124121772958503
1.0918589378919004 0.8575607991774246 -0.04498039876549373 -0.5124121772958503
1.0918589378919004 0.8575607991774246 -0.04498039876549373 -0.5124121772958503
1.0918589378919004 0.8575607991774246 -0.04498039876549373 -0.5124121772958503
1.0918589378919004 0.8575607991774246 -0.04498039876549373 -0.5124121772958503
1.0918589378919004 0.8575607991774246 -0.04498039876549373 -0.5124121772958503
1.0918589378919004 0.8575607991774246 -0.04498039876549373 -0.5124121772958503
1.0918589378919004 0.8575607991774246 -0.04498039876549373 -0.5124121772958503
1.0918589378919004 0.8575607991774246 -0.04498039876549373 -0.5124121772958503
1.0918589378919004 0.8575607991774246 -0.04498039876549373 -0.5124121772958503
1.0918589378919004 0.8575607991774246 -0.04498039876549373 -0.5124121772958503
1.0918589378919004 0.8575607991774246 -0.04498039876549373 -0.5124121772958503
1.0918589378919004 0.8575607991774246 -0.04498039876549373 -0.5124121772958503
1.0918589378919004 0.8575607991774246 -0.04498039876549373 -0.5124121772958503
1.0918589378919004 0.8575607991774246 -0.04498039876549373 -0.5124121772958503
1.0915388922276357 0.8575433340616309 -0.04508504739765572 -0.5124322088897343
1.0915388922276352 0.8575433340616313 -0.04508504739765574 -0.5124322088897346
1.0915388922276352 0.8575433340616313 -0.04508504739765574 -0.5124322088897346
1.0915388922276352 0.8575433340616313 -0.04508504739765574 -0.5124322088897346
1.0915388922276352 0.8575433340616313 -0.04508504739765574 -0.5124322088897346
1.0915388922276352 0.8575433340616313 -0.04508504739765574 -0.5124322088897346
1.0915388922276352 0.8575433340616313 -0.04508504739765574 -0.5124322088897346
1.0915388922276352 0.8575433340616313 -0.04508504739765574 -0.5124322088897346
1.0915388922276352 0.8575433340616313 -0.04508504739765574 -0.5124322088897346
1.0915388922276352 0.8575433340616313 -0.04508504739765574 -0.5124322088897346
1.0915388922276352 0.8575433340616313 -0.04508504739765574 -0.5124322088897346
1.0915388922276352 0.8575433340616313 -0.04508504739765574 -0.5124322088897346
1.0915388922276352 0.8575433340616313 -0.04508504739765574 -0.5124322088897346
1.0915388922276352 0.8575433340616313 -0.04508504739765574 -0.5124322088897346
1.0915388922276352 0.8575433340616313 -0.04508504739765574 -0.5124322088897346
1.0915388922276352 0.8575433340616313 -0.04508504739765574 -0.5124322088897346
1.0915388922276352 0.8575433340616313 -0.04508504739765574 -0.5124322088897346
1.0915388922276352 0.8575433340616313 -0.04508504739765574 -0.5124322088897346
1.0915388922276352 0.8575433340616313 -0.04508504739765574 -0.5124322088897346
1.0915388922276352 0.8575433340616313 -0.04508504739765574 -0.5124322088897346
1.0915388922276352 0.8575433340616313 -0.04508504739765574 -0.5124322088897346
1.0915388922276352 0.8575433340616313 -0.04508504739765574 -0.5124322088897346
1.0915388922276352 0.8575433340616313 -0.04508504739765574 -0.5124322088897346
1.0915388922276352 0.8575433340616313 -0.04508504739765574 -0.5124322088897346
1.0915388922276352 0.8575433340616313 -0.04508504739765574 -0.5124322088897346
1.0915388922276352 0.8575433340616313 -0.04508504739765574 -0.5124322088897346
1.0915388922276352 0.8575433340616313 -0.04508504739765574 -0.5124322088897346
1.0915388922276352 0.8575433340616313 -0.04508504739765574 -0.5124322088897346
1.0915388922276352 0.8575433340616313 -0.04508504739765574 -0.5124322088897346
1.0915388922276352 0.8575433340616313 -0.04508504739765574 -0.5124322088897346
1.0915388922276352 0.8575433340616313 -0.04508504739765574 -0.5124322088897346
1.0915388922276352 0.8575433340616313 -0.04508504739765574 -0.5124322088897346
1.0915388922276352 0.8575433340616313 -0.04508504739765574 -0.5124322088897346
1.0915388922276352 0.8575433340616313 -0.04508504739765574 -0.5124322088897346
1.0915388922276352 0.8575433340616313 -0.04508504739765574 -0.5124322088897346
1.0915388922276352 0.8575433340616313 -0.04508504739765574 -0.5124322088897346
1.0915388922276352 0.8575433340616313 -0.04508504739765574 -0.5124322088897346
1.0915388922276352 0.8575433340616313 -0.04508504739765574 -0.5124322088897346
1.0915388922276352 0.8575433340616313 -0.04508504739765574 -0.5124322088897346
1.0915388922276352 0.8575433340616313 -0.04508504739765574 -0.5124322088897346
1.0915388922276352 0.8575433340616313 -0.04508504739765574 -0.5124322088897346
1.0915388922276352 0.8575433340616313 -0.04508504739765574 -0.5124322088897346
1.0915388922276352 0.8575433340616313 -0.04508504739765574 -0.5124322088897346
1.0915388922276352 0.8575433340616313 -0.04508504739765574 -0.5124322088897346
1.0915388922276352 0.8575433340616313 -0.04508504739765574 -0.5124322088897346
1.0915388922276352 0.8575433340616313 -0.04508504739765574 -0.5124322088897346
1.0915388922276352 0.8575433340616313 -0.04508504739765574 -0.5124322088897346
1.0915388922276352 0.8575433340616313 -0.04508504739765574 -0.5124322088897346
1.0912184743764715 0.8575258288238762 -0.04518987585312601 -0.512452269016641
1.0912184743764715 0.8575258288238762 -0.04518987585312601 -0.512452269016641
1.0912184743764715 0.8575258288238762 -0.04518987585312601 -0.512452269016641
1.0912184743764715 0.8575258288238762 -0.04518987585312601 -0.512452269016641
1.0912184743764715 0.8575258288238762 -0.04518987585312601 -0.512452269016641
1.0912184743764715 0.8575258288238762 -0.04518987585312601 -0.512452269016641
1.0912184743764715 0.8575258288238762 -0.04518987585312601 -0.512452269016641
1.0912184743764715 0.8575258288238762 -0.04518987585312601 -0.512452269016641
1.0912184743764715 0.8575258288238762 -0.04518987585312601 -0.512452269016641
1.0912184743764715 0.8575258288238762 -0.04518987585312601 -0.512452269016641
1.0912184743764715 0.8575258288238762 -0.04518987585312601 -0.512452269016641
1.0912184743764715 0.8575258288238762 -0.04518987585312601 -0.512452269016641
1.0912184743764715 0.8575258288238762 -0.04518987585312601 -0.512452269016641
1.0912184743764715 0.8575258288238762 -0.04518987585312601 -0.512452269016641
1.0912184743764715 0.8575258288238762 -0.04518987585312601 -0.512452269016641
1.0912184743764715 0.8575258288238762 -0.04518987585312601 -0.512452269016641
1.0912184743764715 0.8575258288238762 -0.04518987585312601 -0.512452269016641
1.0912184743764715 0.8575258288238762 -0.04518987585312601 -0.512452269016641
1.0912184743764715 0.8575258288238762 -0.04518987585312601 -0.512452269016641
1.0912184743764715 0.8575258288238762 -0.04518987585312601 -0.512452269016641
1.0912184743764715 0.8575258288238762 -0.04518987585312601 -0.512452269016641
1.0912184743764715 0.8575258288238762 -0.04518987585312601 -0.512452269016641
1.0912184743764715 0.8575258288238762 -0.04518987585312601 -0.512452269016641
1.0912184743764715 0.8575258288238762 -0.04518987585312601 -0.512452269016641
1.0912184743764715 0.8575258288238762 -0.04518987585312601 -0.512452269016641
1.0912184743764715 0.8575258288238762 -0.04518987585312601 -0.512452269016641
1.0912184743764715 0.8575258288238762 -0.04518987585312601 -0.512452269016641
1.0912184743764715 0.8575258288238762 -0.04518987585312601 -0.512452269016641
1.0912184743764715 0.8575258288238762 -0.04518987585312601 -0.512452269016641
1.0912184743764715 0.8575258288238762 -0.04518987585312601 -0.512452269016641
1.0912184743764715 0.8575258288238762 -0.04518987585312601 -0.512452269016641
1.0912184743764715 0.8575258288238762 -0.04518987585312601 -0.512452269016641
1.0912184743764715 0.8575258288238762 -0.04518987585312601 -0.512452269016641
1.0912184743764715 0.8575258288238762 -0.04518987585312601 -0.512452269016641
1.0912184743764715 0.8575258288238762 -0.04518987585312601 -0.512452269016641
1.0912184743764715 0.8575258288238762 -0.04518987585312601 -0.512452269016641
1.0912184743764715 0.8575258288238762 -0.04518987585312601 -0.512452269016641
1.0912184743764715 0.8575258288238762 -0.04518987585312601 -0.512452269016641
1.0912184743764715 0.8575258288238762 -0.04518987585312601 -0.512452269016641
1.0912184743764715 0.8575258288238762 -0.04518987585312601 -0.512452269016641
1.0912184743764715 0.8575258288238762 -0.04518987585312601 -0.512452269016641
1.0912184743764715 0.8575258288238762 -0.04518987585312601 -0.512452269016641
1.0912184743764715 0.8575258288238762 -0.04518987585312601 -0.512452269016641
1.0912184743764715 0.8575258288238762 -0.04518987585312601 -0.512452269016641
1.0912184743764715 0.8575258288238762 -0.04518987585312601 -0.512452269016641
1.0912184743764715 0.8575258288238762 -0.04518987585312601 -0.512452269016641
1.0912184743764715 0.8575258288238762 -0.04518987585312601 -0.512452269016641
1.0912184743764715 0.8575258288238762 -0.04518987585312601 -0.512452269016641
1.0912184743764715 0.8575258288238762 -0.04518987585312601 -0.512452269016641
1.0912184743764715 0.8575258288238762 -0.04518987585312601 -0.512452269016641
1.0912184743764715 0.8575258288238762 -0.04518987585312601 -0.512452269016641
1.0912184743764715 0.8575258288238762 -0.04518987585312601 -0.512452269016641
1.0912184743764715 0.8575258288238762 -0.04518987585312601 -0.512452269016641
1.0912184743764715 0.8575258288238762 -0.04518987585312601 -0.512452269016641
1.0912184743764715 0.8575258288238762 -0.04518987585312601 -0.512452269016641
1.0912184743764715 0.8575258288238762 -0.04518987585312601 -0.512452269016641
1.0912184743764715 0.8575258288238762 -0.04518987585312601 -0.512452269016641
1.0912184743764715 0.8575258288238762 -0.04518987585312601 -0.512452269016641
1.0912184743764715 0.8575258288238762 -0.04518987585312601 -0.512452269016641
1.0912184743764715 0.8575258288238762 -0.04518987585312601 -0.512452269016641
1.0912184743764715 0.8575258288238762 -0.04518987585312601 -0.512452269016641
1.0912184743764715 0.8575258288238762 -0.04518987585312601 -0.512452269016641
1.0912184743764715 0.8575258288238762 -0.04518987585312601 -0.512452269016641
1.0912184743764715 0.8575258288238762 -0.04518987585312601 -0.512452269016641
1.0912184743764715 0.8575258288238762 -0.04518987585312601 -0.512452269016641
1.0912184743764715 0.8575258288238762 -0.04518987585312601 -0.512452269016641
1.0912184743764715 0.8575258288238762 -0.04518987585312601 -0.512452269016641
1.0912184743764715 0.8575258288238762 -0.04518987585312601 -0.512452269016641
1.0912184743764715 0.8575258288238762 -0.04518987585312601 -0.512452269016641
1.0912184743764715 0.8575258288238762 -0.04518987585312601 -0.512452269016641
1.0912184743764715 0.8575258288238762 -0.04518987585312601 -0.512452269016641
1.0912184743764715 0.8575258288238762 -0.04518987585312601 -0.512452269016641
1.0912184743764715 0.8575258288238762 -0.04518987585312601 -0.512452269016641
1.0912184743764715 0.8575258288238762 -0.04518987585312601 -0.512452269016641
1.0912184743764715 0.8575258288238762 -0.04518987585312601 -0.512452269016641
1.0912184743764715 0.8575258288238762 -0.04518987585312601 -0.512452269016641
1.0912184743764715 0.8575258288238762 -0.04518987585312601 -0.512452269016641
1.0912184743764715 0.8575258288238762 -0.04518987585312601 -0.512452269016641
1.0912184743764715 0.8575258288238762 -0.04518987585312601 -0.512452269016641
1.0912184743764715 0.8575258288238762 -0.04518987585312601 -0.512452269016641
1.0912184743764715 0.8575258288238762 -0.04518987585312601 -0.512452269016641
1.0912184743764715 0.8575258288238762 -0.04518987585312601 -0.512452269016641
1.0912184743764715 0.8575258288238762 -0.04518987585312601 -0.512452269016641
1.0912184743764715 0.8575258288238762 -0.04518987585312601 -0.512452269016641
1.0912184743764715 0.8575258288238762 -0.04518987585312601 -0.512452269016641
1.0912184743764715 0.8575258288238762 -0.04518987585312601 -0.512452269016641
1.0912184743764715 0.8575258288238762 -0.04518987585312601 -0.512452269016641
1.0912184743764715 0.8575258288238762 -0.04518987585312601 -0.512452269016641
1.0912184743764715 0.8575258288238762 -0.04518987585312601 -0.512452269016641
1.0912184743764715 0.8575258288238762 -0.04518987585312601 -0.512452269016641
1.0912184743764715 0.8575258288238762 -0.04518987585312601 -0.512452269016641
1.0912184743764715 0.8575258288238762 -0.04518987585312601 -0.512452269016641
1.0912184743764715 0.8575258288238762 -0.04518987585312601 -0.512452269016641
1.0912184743764715 0.8575258288238762 -0.04518987585312601 -0.512452269016641
1.0912184743764715 0.8575258288238762 -0.04518987585312601 -0.512452269016641
1.0912184743764715 0.8575258288238762 -0.04518987585312601 -0.512452269016641
1.0912184743764715 0.8575258288238762 -0.04518987585312601 -0.512452269016641
1.0912184743764715 0.8575258288238762 -0.04518987585312601 -0.512452269016641
1.0912184743764715 0.8575258288238762 -0.04518987585312601 -0.512452269016641
1.0912184743764715 0.8575258288238762 -0.04518987585312601 -0.512452269016641
1.0912184743764715 0.8575258288238762 -0.04518987585312601 -0.512452269016641
1.0912184743764715 0.8575258288238762 -0.04518987585312601 -0.512452269016641
1.0912184743764715 0.8575258288238762 -0.04518987585312601 -0.512452269016641
1.0912184743764715 0.8575258288238762 -0.04518987585312601 -0.512452269016641
1.0912184743764715 0.8575258288238762 -0.04518987585312601 -0.512452269016641
1.0912184743764715 0.8575258288238762 -0.04518987585312601 -0.512452269016641
1.0912184743764715 0.8575258288238762 -0.04518987585312601 -0.512452269016641
1.0912184743764715 0.8575258288238762 -0.04518987585312601 -0.512452269016641
1.0912184743764715 0.8575258288238762 -0.04518987585312601 -0.512452269016641
1.0912184743764715 0.8575258288238762 -0.04518987585312601 -0.512452269016641
1.0912184743764715 0.8575258288238762 -0.04518987585312601 -0.512452269016641
1.0912184743764715 0.8575258288238762 -0.04518987585312601 -0.512452269016641
1.0912184743764715 0.8575258288238762 -0.04518987585312601 -0.512452269016641
1.0912184743764715 0.8575258288238762 -0.04518987585312601 -0.512452269016641
1.0912184743764715 0.8575258288238762 -0.04518987585312601 -0.512452269016641
1.0912184743764715 0.8575258288238762 -0.04518987585312601 -0.512452269016641
1.0912184743764715 0.8575258288238762 -0.04518987585312601 -0.512452269016641
1.0912184743764715 0.8575258288238762 -0.04518987585312601 -0.512452269016641
1.0912184743764715 0.8575258288238762 -0.04518987585312601 -0.512452269016641
1.0912184743764715 0.8575258288238762 -0.04518987585312601 -0.512452269016641
1.0912184743764715 0.8575258288238762 -0.04518987585312601 -0.512452269016641
1.0912184743764715 0.8575258288238762 -0.04518987585312601 -0.512452269016641
1.0912184743764715 0.8575258288238762 -0.04518987585312601 -0.512452269016641
1.0912184743764715 0.8575258288238762 -0.04518987585312601 -0.512452269016641
1.0912184743764715 0.8575258288238762 -0.04518987585312601 -0.512452269016641
1.0912184743764715 0.8575258288238762 -0.04518987585312601 -0.512452269016641
1.0912184743764715 0.8575258288238762 -0.04518987585312601 -0.512452269016641
1.0912184743764715 0.8575258288238762 -0.04518987585312601 -0.512452269016641
1.0912184743764715 0.8575258288238762 -0.04518987585312601 -0.512452269016641
1.0912184743764715 0.8575258288238762 -0.04518987585312601 -0.512452269016641
1.0912184743764715 0.8575258288238762 -0.04518987585312601 -0.512452269016641
1.0912184743764715 0.8575258288238762 -0.04518987585312601 -0.512452269016641
1.0912184743764715 0.8575258288238762 -0.04518987585312601 -0.512452269016641
1.0912184743764715 0.8575258288238762 -0.04518987585312601 -0.512452269016641
1.0912184743764715 0.8575258288238762 -0.04518987585312601 -0.512452269016641
1.0912184743764715 0.8575258288238762 -0.04518987585312601 -0.512452269016641
1.0912184743764715 0.8575258288238762 -0.04518987585312601 -0.512452269016641
1.0912184743764715 0.8575258288238762 -0.04518987585312601 -0.512452269016641
1.0912184743764715 0.8575258288238762 -0.04518987585312601 -0.512452269016641
1.0912184743764715 0.8575258288238762 -0.04518987585312601 -0.512452269016641
1.0912184743764715 0.8575258288238762 -0.04518987585312601 -0.512452269016641
1.0912184743764715 0.8575258288238762 -0.04518987585312601 -0.512452269016641
1.0912184743764715 0.8575258288238762 -0.04518987585312601 -0.512452269016641
1.0912184743764715 0.8575258288238762 -0.04518987585312601 -0.512452269016641
1.0912184743764715 0.8575258288238762 -0.04518987585312601 -0.512452269016641
1.0912184743764715 0.8575258288238762 -0.04518987585312601 -0.512452269016641
1.0912184743764715 0.8575258288238762 -0.04518987585312601 -0.512452269016641
1.0912184743764715 0.8575258288238762 -0.04518987585312601 -0.512452269016641
1.0912184743764715 0.8575258288238762 -0.04518987585312601 -0.512452269016641
1.0912184743764715 0.8575258288238762 -0.04518987585312601 -0.512452269016641
1.0912184743764715 0.8575258288238762 -0.04518987585312601 -0.512452269016641
1.0912184743764715 0.8575258288238762 -0.04518987585312601 -0.512452269016641
1.0912184743764715 0.8575258288238762 -0.04518987585312601 -0.512452269016641
1.0912184743764715 0.8575258288238762 -0.04518987585312601 -0.512452269016641
1.0912184743764715 0.8575258288238762 -0.04518987585312601 -0.512452269016641
1.0912184743764715 0.8575258288238762 -0.04518987585312601 -0.512452269016641
1.0912184743764715 0.8575258288238762 -0.04518987585312601 -0.512452269016641
1.0912184743764715 0.8575258288238762 -0.04518987585312601 -0.512452269016641
1.0912184743764715 0.8575258288238762 -0.04518987585312601 -0.512452269016641
1.0912184743764715 0.8575258288238762 -0.04518987585312601 -0.512452269016641
1.0912184743764715 0.8575258288238762 -0.04518987585312601 -0.512452269016641
1.0912184743764715 0.8575258288238762 -0.04518987585312601 -0.512452269016641
1.0912184743764715 0.8575258288238762 -0.04518987585312601 -0.512452269016641
1.0912184743764715 0.8575258288238762 -0.04518987585312601 -0.512452269016641
1.0912184743764715 0.8575258288238762 -0.04518987585312601 -0.512452269016641
1.0912184743764715 0.8575258288238762 -0.04518987585312601 -0.512452269016641
1.0912184743764715 0.8575258288238762 -0.04518987585312601 -0.512452269016641
1.0912184743764715 0.8575258288238762 -0.04518987585312601 -0.512452269016641
1.0912184743764715 0.8575258288238762 -0.04518987585312601 -0.512452269016641
1.0912184743764715 0.8575258288238762 -0.04518987585312601 -0.512452269016641
1.0912184743764715 0.8575258288238762 -0.04518987585312601 -0.512452269016641
1.0912184743764715 0.8575258288238762 -0.04518987585312601 -0.512452269016641
1.0912184743764715 0.8575258288238762 -0.04518987585312601 -0.512452269016641
1.0912184743764715 0.8575258288238762 -0.04518987585312601 -0.512452269016641
1.0912184743764715 0.8575258288238762 -0.04518987585312601 -0.512452269016641
1.0912184743764715 0.8575258288238762 -0.04518987585312601 -0.512452269016641
1.0912184743764715 0.8575258288238762 -0.04518987585312601 -0.512452269016641
1.0912184743764715 0.8575258288238762 -0.04518987585312601 -0.512452269016641
1.0912184743764715 0.8575258288238762 -0.04518987585312601 -0.512452269016641
1.0912184743764715 0.8575258288238762 -0.04518987585312601 -0.512452269016641
1.0912184743764715 0.8575258288238762 -0.04518987585312601 -0.512452269016641
1.0912184743764715 0.8575258288238762 -0.04518987585312601 -0.512452269016641
1.0912184743764715 0.8575258288238762 -0.04518987585312601 -0.512452269016641
1.0912184743764715 0.8575258288238762 -0.04518987585312601 -0.512452269016641
1.0912184743764715 0.8575258288238762 -0.04518987585312601 -0.512452269016641
1.0912184743764715 0.8575258288238762 -0.04518987585312601 -0.512452269016641
1.0912184743764715 0.8575258288238762 -0.04518987585312601 -0.512452269016641
1.0912184743764715 0.8575258288238762 -0.04518987585312601 -0.512452269016641
1.0912184743764715 0.8575258288238762 -0.04518987585312601 -0.512452269016641
1.0912184743764715 0.8575258288238762 -0.04518987585312601 -0.512452269016641
1.0912184743764715 0.8575258288238762 -0.04518987585312601 -0.512452269016641
1.0912184743764715 0.8575258288238762 -0.04518987585312601 -0.512452269016641
1.0912184743764715 0.8575258288238762 -0.04518987585312601 -0.512452269016641
1.0912184743764715 0.8575258288238762 -0.04518987585312601 -0.512452269016641
1.0912184743764715 0.8575258288238762 -0.04518987585312601 -0.512452269016641
1.0912184743764715 0.8575258288238762 -0.04518987585312601 -0.512452269016641
1.0912184743764715 0.8575258288238762 -0.04518987585312601 -0.512452269016641
1.0912184743764715 0.8575258288238762 -0.04518987585312601 -0.512452269016641
1.0912184743764715 0.8575258288238762 -0.04518987585312601 -0.512452269016641
1.0912184743764715 0.8575258288238762 -0.04518987585312601 -0.512452269016641
1.0912184743764715 0.8575258288238762 -0.04518987585312601 -0.512452269016641
1.0912184743764715 0.8575258288238762 -0.04518987585312601 -0.512452269016641
1.0912184743764715 0.8575258288238762 -0.04518987585312601 -0.512452269016641
1.0912184743764715 0.8575258288238762 -0.04518987585312601 -0.512452269016641
1.0912184743764715 0.8575258288238762 -0.04518987585312601 -0.512452269016641
1.0912184743764715 0.8575258288238762 -0.04518987585312601 -0.512452269016641
1.0912184743764715 0.8575258288238762 -0.04518987585312601 -0.512452269016641
1.0912184743764715 0.8575258288238762 -0.04518987585312601 -0.512452269016641
1.0912184743764715 0.8575258288238762 -0.04518987585312601 -0.512452269016641
1.0912184743764715 0.8575258288238762 -0.04518987585312601 -0.512452269016641
1.0912184743764715 0.8575258288238762 -0.04518987585312601 -0.512452269016641
1.0912184743764715 0.8575258288238762 -0.04518987585312601 -0.512452269016641
1.0912184743764715 0.8575258288238762 -0.04518987585312601 -0.512452269016641
1.0912184743764715 0.8575258288238762 -0.04518987585312601 -0.512452269016641
1.0912184743764715 0.8575258288238762 -0.04518987585312601 -0.512452269016641
1.0912184743764715 0.8575258288238762 -0.04518987585312601 -0.512452269016641
1.0912184743764715 0.8575258288238762 -0.04518987585312601 -0.512452269016641
1.0912184743764715 0.8575258288238762 -0.04518987585312601 -0.512452269016641
1.0912184743764715 0.8575258288238762 -0.04518987585312601 -0.512452269016641
1.0912184743764715 0.8575258288238762 -0.04518987585312601 -0.512452269016641
1.0912184743764715 0.8575258288238762 -0.04518987585312601 -0.512452269016641
1.0912184743764715 0.8575258288238762 -0.04518987585312601 -0.512452269016641
1.0912184743764715 0.8575258288238762 -0.04518987585312601 -0.512452269016641
1.0912184743764715 0.8575258288238762 -0.04518987585312601 -0.512452269016641
1.0912184743764715 0.8575258288238762 -0.04518987585312601 -0.512452269016641
1.0912184743764715 0.8575258288238762 -0.04518987585312601 -0.512452269016641
1.0912184743764715 0.8575258288238762 -0.04518987585312601 -0.512452269016641
1.0912184743764715 0.8575258288238762 -0.04518987585312601 -0.512452269016641
1.0912184743764715 0.8575258288238762 -0.04518987585312601 -0.512452269016641
1.0912184743764715 0.8575258288238762 -0.04518987585312601 -0.512452269016641
1.0912184743764715 0.8575258288238762 -0.04518987585312601 -0.512452269016641
1.0912184743764715 0.8575258288238762 -0.04518987585312601 -0.512452269016641
1.0912184743764715 0.8575258288238762 -0.04518987585312601 -0.512452269016641
1.0912184743764715 0.8575258288238762 -0.04518987585312601 -0.512452269016641
1.0912184743764715 0.8575258288238762 -0.04518987585312601 -0.512452269016641
1.0912184743764715 0.8575258288238762 -0.04518987585312601 -0.512452269016641
1.0912184743764715 0.8575258288238762 -0.04518987585312601 -0.512452269016641
1.0912184743764715 0.8575258288238762 -0.04518987585312601 -0.512452269016641
1.0912184743764715 0.8575258288238762 -0.04518987585312601 -0.512452269016641
1.0912184743764715 0.8575258288238762 -0.04518987585312601 -0.512452269016641
1.0912184743764715 0.8575258288238762 -0.04518987585312601 -0.512452269016641
1.0912184743764715 0.8575258288238762 -0.04518987585312601 -0.512452269016641
1.0912184743764715 0.8575258288238762 -0.04518987585312601 -0.512452269016641
1.0912184743764715 0.8575258288238762 -0.04518987585312601 -0.512452269016641
1.0912184743764715 0.8575258288238762 -0.04518987585312601 -0.512452269016641
1.0912184743764715 0.8575258288238762 -0.04518987585312601 -0.512452269016641
1.0912184743764715 0.8575258288238762 -0.04518987585312601 -0.512452269016641
1.0912184743764715 0.8575258288238762 -0.04518987585312601 -0.512452269016641
1.0912184743764715 0.8575258288238762 -0.04518987585312601 -0.512452269016641
1.0912184743764715 0.8575258288238762 -0.04518987585312601 -0.512452269016641
1.0912184743764715 0.8575258288238762 -0.04518987585312601 -0.512452269016641
1.0912184743764715 0.8575258288238762 -0.04518987585312601 -0.512452269016641
1.0912184743764715 0.8575258288238762 -0.04518987585312601 -0.512452269016641
1.0912184743764715 0.8575258288238762 -0.04518987585312601 -0.512452269016641
1.0912184743764715 0.8575258288238762 -0.04518987585312601 -0.512452269016641
1.0912184743764715 0.8575258288238762 -0.04518987585312601 -0.512452269016641
1.0912184743764715 0.8575258288238762 -0.04518987585312601 -0.512452269016641
1.0912184743764715 0.8575258288238762 -0.04518987585312601 -0.512452269016641
1.0912184743764715 0.8575258288238762 -0.04518987585312601 -0.512452269016641
1.0912184743764715 0.8575258288238762 -0.04518987585312601 -0.512452269016641
1.0912184743764715 0.8575258288238762 -0.04518987585312601 -0.512452269016641
1.0912184743764715 0.8575258288238762 -0.04518987585312601 -0.512452269016641
1.0912184743764715 0.8575258288238762 -0.04518987585312601 -0.512452269016641
1.0912184743764715 0.8575258288238762 -0.04518987585312601 -0.512452269016641
1.0912184743764715 0.8575258288238762 -0.04518987585312601 -0.512452269016641
1.0912184743764715 0.8575258288238762 -0.04518987585312601 -0.512452269016641
1.0912184743764715 0.8575258288238762 -0.04518987585312601 -0.512452269016641
1.0912184743764715 0.8575258288238762 -0.04518987585312601 -0.512452269016641
1.0912184743764715 0.8575258288238762 -0.04518987585312601 -0.512452269016641
1.0912184743764715 0.8575258288238762 -0.04518987585312601 -0.512452269016641
1.0912184743764715 0.8575258288238762 -0.04518987585312601 -0.512452269016641
1.0912184743764715 0.8575258288238762 -0.04518987585312601 -0.512452269016641
1.0912184743764715 0.8575258288238762 -0.04518987585312601 -0.512452269016641
1.0912184743764715 0.8575258288238762 -0.04518987585312601 -0.512452269016641
1.0912184743764715 0.8575258288238762 -0.04518987585312601 -0.512452269016641
1.0912184743764715 0.8575258288238762 -0.04518987585312601 -0.512452269016641
1.0912184743764715 0.8575258288238762 -0.04518987585312601 -0.512452269016641
1.0912184743764715 0.8575258288238762 -0.04518987585312601 -0.512452269016641
1.0912184743764715 0.8575258288238762 -0.04518987585312601 -0.512452269016641
1.0912184743764715 0.8575258288238762 -0.04518987585312601 -0.512452269016641
1.0912184743764715 0.8575258288238762 -0.04518987585312601 -0.512452269016641
1.0912184743764715 0.8575258288238762 -0.04518987585312601 -0.512452269016641
1.0912184743764715 0.8575258288238762 -0.04518987585312601 -0.512452269016641
1.0912184743764715 0.8575258288238762 -0.04518987585312601 -0.512452269016641
1.0912184743764715 0.8575258288238762 -0.04518987585312601 -0.512452269016641
1.0912184743764715 0.8575258288238762 -0.04518987585312601 -0.512452269016641
1.0912184743764715 0.8575258288238762 -0.04518987585312601 -0.512452269016641
1.0912184743764715 0.8575258288238762 -0.04518987585312601 -0.512452269016641
1.0912184743764715 0.8575258288238762 -0.04518987585312601 -0.512452269016641
1.0912184743764715 0.8575258288238762 -0.04518987585312601 -0.512452269016641
1.0912184743764715 0.8575258288238762 -0.04518987585312601 -0.512452269016641
1.0912184743764715 0.8575258288238762 -0.04518987585312601 -0.512452269016641
1.0912184743764715 0.8575258288238762 -0.04518987585312601 -0.512452269016641
1.0912184743764715 0.8575258288238762 -0.04518987585312601 -0.512452269016641
1.0912184743764715 0.8575258288238762 -0.04518987585312601 -0.512452269016641
1.0912184743764715 0.8575258288238762 -0.04518987585312601 -0.512452269016641
1.0912184743764715 0.8575258288238762 -0.04518987585312601 -0.512452269016641
1.0912184743764715 0.8575258288238762 -0.04518987585312601 -0.512452269016641
1.0912184743764715 0.8575258288238762 -0.04518987585312601 -0.512452269016641
1.0912184743764715 0.8575258288238762 -0.04518987585312601 -0.512452269016641
1.0912184743764715 0.8575258288238762 -0.04518987585312601 -0.512452269016641
1.0912184743764715 0.8575258288238762 -0.04518987585312601 -0.512452269016641
1.0912184743764715 0.8575258288238762 -0.04518987585312601 -0.512452269016641
1.0912184743764715 0.8575258288238762 -0.04518987585312601 -0.512452269016641
1.0912184743764715 0.8575258288238762 -0.04518987585312601 -0.512452269016641
1.0912184743764715 0.8575258288238762 -0.04518987585312601 -0.512452269016641
1.0912184743764715 0.8575258288238762 -0.04518987585312601 -0.512452269016641
1.0912184743764715 0.8575258288238762 -0.04518987585312601 -0.512452269016641
1.0912184743764715 0.8575258288238762 -0.04518987585312601 -0.512452269016641
1.0912184743764715 0.8575258288238762 -0.04518987585312601 -0.512452269016641
1.0912184743764715 0.8575258288238762 -0.04518987585312601 -0.512452269016641
1.0912184743764715 0.8575258288238762 -0.04518987585312601 -0.512452269016641
1.0912184743764715 0.8575258288238762 -0.04518987585312601 -0.512452269016641
1.0912184743764715 0.8575258288238762 -0.04518987585312601 -0.512452269016641
1.0912184743764715 0.8575258288238762 -0.04518987585312601 -0.512452269016641
1.0912184743764715 0.8575258288238762 -0.04518987585312601 -0.512452269016641
1.0912184743764715 0.8575258288238762 -0.04518987585312601 -0.512452269016641
1.0912184743764715 0.8575258288238762 -0.04518987585312601 -0.512452269016641
1.0912184743764715 0.8575258288238762 -0.04518987585312601 -0.512452269016641
1.0912184743764715 0.8575258288238762 -0.04518987585312601 -0.512452269016641
1.0912184743764715 0.8575258288238762 -0.04518987585312601 -0.512452269016641
1.0912184743764715 0.8575258288238762 -0.04518987585312601 -0.512452269016641
1.0912184743764715 0.8575258288238762 -0.04518987585312601 -0.512452269016641
1.0912184743764715 0.8575258288238762 -0.04518987585312601 -0.512452269016641
1.0912184743764715 0.8575258288238762 -0.04518987585312601 -0.512452269016641
1.0912184743764715 0.8575258288238762 -0.04518987585312601 -0.512452269016641
1.0912184743764715 0.8575258288238762 -0.04518987585312601 -0.512452269016641
1.0912184743764715 0.8575258288238762 -0.04518987585312601 -0.512452269016641
1.0912184743764715 0.8575258288238762 -0.04518987585312601 -0.512452269016641
1.0912184743764715 0.8575258288238762 -0.04518987585312601 -0.512452269016641
1.0912184743764715 0.8575258288238762 -0.04518987585312601 -0.512452269016641
1.0912184743764715 0.8575258288238762 -0.04518987585312601 -0.512452269016641
1.0912184743764715 0.8575258288238762 -0.04518987585312601 -0.512452269016641
1.0912184743764715 0.8575258288238762 -0.04518987585312601 -0.512452269016641
1.0912184743764715 0.8575258288238762 -0.04518987585312601 -0.512452269016641
1.0912184743764715 0.8575258288238762 -0.04518987585312601 -0.512452269016641
1.0912184743764715 0.8575258288238762 -0.04518987585312601 -0.512452269016641
1.0912184743764715 0.8575258288238762 -0.04518987585312601 -0.512452269016641
1.0912184743764715 0.8575258288238762 -0.04518987585312601 -0.512452269016641
1.0912184743764715 0.8575258288238762 -0.04518987585312601 -0.512452269016641
1.0912184743764715 0.8575258288238762 -0.04518987585312601 -0.512452269016641
1.0912184743764715 0.8575258288238762 -0.04518987585312601 -0.512452269016641
1.0912184743764715 0.8575258288238762 -0.04518987585312601 -0.512452269016641
1.0912184743764715 0.8575258288238762 -0.04518987585312601 -0.512452269016641
1.0912184743764715 0.8575258288238762 -0.04518987585312601 -0.512452269016641
1.0912184743764715 0.8575258288238762 -0.04518987585312601 -0.512452269016641
1.0912184743764715 0.8575258288238762 -0.04518987585312601 -0.512452269016641
1.0912184743764715 0.8575258288238762 -0.04518987585312601 -0.512452269016641
1.0912184743764715 0.8575258288238762 -0.04518987585312601 -0.512452269016641
1.0912184743764715 0.8575258288238762 -0.04518987585312601 -0.512452269016641
1.0912184743764715 0.8575258288238762 -0.04518987585312601 -0.512452269016641
1.0912184743764715 0.8575258288238762 -0.04518987585312601 -0.512452269016641
1.0912184743764715 0.8575258288238762 -0.04518987585312601 -0.512452269016641
1.0912184743764715 0.8575258288238762 -0.04518987585312601 -0.512452269016641
1.0912184743764715 0.8575258288238762 -0.04518987585312601 -0.512452269016641
1.0912184743764715 0.8575258288238762 -0.04518987585312601 -0.512452269016641
1.0912184743764715 0.8575258288238762 -0.04518987585312601 -0.512452269016641
1.0912184743764715 0.8575258288238762 -0.04518987585312601 -0.512452269016641
1.0912184743764715 0.8575258288238762 -0.04518987585312601 -0.512452269016641
1.0912184743764715 0.8575258288238762 -0.04518987585312601 -0.512452269016641
1.0912184743764715 0.8575258288238762 -0.04518987585312601 -0.512452269016641
1.0912184743764715 0.8575258288238762 -0.04518987585312601 -0.512452269016641
1.0912184743764715 0.8575258288238762 -0.04518987585312601 -0.512452269016641
1.0912184743764715 0.8575258288238762 -0.04518987585312601 -0.512452269016641
1.0912184743764715 0.8575258288238762 -0.04518987585312601 -0.512452269016641
1.0912184743764715 0.8575258288238762 -0.04518987585312601 -0.512452269016641
1.0912184743764715 0.8575258288238762 -0.04518987585312601 -0.512452269016641
1.0912184743764715 0.8575258288238762 -0.04518987585312601 -0.512452269016641
1.0912184743764715 0.8575258288238762 -0.04518987585312601 -0.512452269016641
1.0912184743764715 0.8575258288238762 -0.04518987585312601 -0.512452269016641
1.0912184743764715 0.8575258288238762 -0.04518987585312601 -0.512452269016641
1.0912184743764715 0.8575258288238762 -0.04518987585312601 -0.512452269016641
1.0912184743764715 0.8575258288238762 -0.04518987585312601 -0.512452269016641
1.0912184743764715 0.8575258288238762 -0.04518987585312601 -0.512452269016641
1.0912184743764715 0.8575258288238762 -0.04518987585312601 -0.512452269016641
1.0912184743764715 0.8575258288238762 -0.04518987585312601 -0.512452269016641
1.0912184743764715 0.8575258288238762 -0.04518987585312601 -0.512452269016641
1.0912184743764715 0.8575258288238762 -0.04518987585312601 -0.512452269016641
1.0912184743764715 0.8575258288238762 -0.04518987585312601 -0.512452269016641
1.0912184743764715 0.8575258288238762 -0.04518987585312601 -0.512452269016641
1.0912184743764715 0.8575258288238762 -0.04518987585312601 -0.512452269016641
1.0912184743764715 0.8575258288238762 -0.04518987585312601 -0.512452269016641
1.0912184743764715 0.8575258288238762 -0.04518987585312601 -0.512452269016641
1.0912184743764715 0.8575258288238762 -0.04518987585312601 -0.512452269016641
1.0912184743764715 0.8575258288238762 -0.04518987585312601 -0.512452269016641
1.0912184743764715 0.8575258288238762 -0.04518987585312601 -0.512452269016641
1.0912184743764715 0.8575258288238762 -0.04518987585312601 -0.512452269016641
1.0912184743764715 0.8575258288238762 -0.04518987585312601 -0.512452269016641
1.0912184743764715 0.8575258288238762 -0.04518987585312601 -0.512452269016641
1.0912184743764715 0.8575258288238762 -0.04518987585312601 -0.512452269016641
1.0912184743764715 0.8575258288238762 -0.04518987585312601 -0.512452269016641
1.0912184743764715 0.8575258288238762 -0.04518987585312601 -0.512452269016641
1.0912184743764715 0.8575258288238762 -0.04518987585312601 -0.512452269016641
1.0912184743764715 0.8575258288238762 -0.04518987585312601 -0.512452269016641
1.0912184743764715 0.8575258288238762 -0.04518987585312601 -0.512452269016641
1.0912184743764715 0.8575258288238762 -0.04518987585312601 -0.512452269016641
1.0912184743764715 0.8575258288238762 -0.04518987585312601 -0.512452269016641
1.0912184743764715 0.8575258288238762 -0.04518987585312601 -0.512452269016641
1.0912184743764715 0.8575258288238762 -0.04518987585312601 -0.512452269016641
1.0912184743764715 0.8575258288238762 -0.04518987585312601 -0.512452269016641
1.0912184743764715 0.8575258288238762 -0.04518987585312601 -0.512452269016641
1.0912184743764715 0.8575258288238762 -0.04518987585312601 -0.512452269016641
1.0912184743764715 0.8575258288238762 -0.04518987585312601 -0.512452269016641
1.0912184743764715 0.8575258288238762 -0.04518987585312601 -0.512452269016641
1.0912184743764715 0.8575258288238762 -0.04518987585312601 -0.512452269016641
1.0912184743764715 0.8575258288238762 -0.04518987585312601 -0.512452269016641
1.0912184743764715 0.8575258288238762 -0.04518987585312601 -0.512452269016641
1.0912184743764715 0.8575258288238762 -0.04518987585312601 -0.512452269016641
1.0912184743764715 0.8575258288238762 -0.04518987585312601 -0.512452269016641
1.0912184743764715 0.8575258288238762 -0.04518987585312601 -0.512452269016641
1.0912184743764715 0.8575258288238762 -0.04518987585312601 -0.512452269016641
1.0912184743764715 0.8575258288238762 -0.04518987585312601 -0.512452269016641
1.0912184743764715 0.8575258288238762 -0.04518987585312601 -0.512452269016641
1.0912184743764715 0.8575258288238762 -0.04518987585312601 -0.512452269016641
1.0912184743764715 0.8575258288238762 -0.04518987585312601 -0.512452269016641
1.0912184743764715 0.8575258288238762 -0.04518987585312601 -0.512452269016641
1.0912184743764715 0.8575258288238762 -0.04518987585312601 -0.512452269016641
1.0912184743764715 0.8575258288238762 -0.04518987585312601 -0.512452269016641
1.0912184743764715 0.8575258288238762 -0.04518987585312601 -0.512452269016641
1.0912184743764715 0.8575258288238762 -0.04518987585312601 -0.512452269016641
1.0912184743764715 0.8575258288238762 -0.04518987585312601 -0.512452269016641
1.0912184743764715 0.8575258288238762 -0.04518987585312601 -0.512452269016641
1.0912184743764715 0.8575258288238762 -0.04518987585312601 -0.512452269016641
1.0912184743764715 0.8575258288238762 -0.04518987585312601 -0.512452269016641
1.0912184743764715 0.8575258288238762 -0.04518987585312601 -0.512452269016641
1.0912184743764715 0.8575258288238762 -0.04518987585312601 -0.512452269016641
1.0912184743764715 0.8575258288238762 -0.04518987585312601 -0.512452269016641
1.0912184743764715 0.8575258288238762 -0.04518987585312601 -0.512452269016641
1.0912184743764715 0.8575258288238762 -0.04518987585312601 -0.512452269016641
1.0912184743764715 0.8575258288238762 -0.04518987585312601 -0.512452269016641
1.0912184743764715 0.8575258288238762 -0.04518987585312601 -0.512452269016641
1.0912184743764715 0.8575258288238762 -0.04518987585312601 -0.512452269016641
1.0912184743764715 0.8575258288238762 -0.04518987585312601 -0.512452269016641
1.0912184743764715 0.8575258288238762 -0.04518987585312601 -0.512452269016641
1.0912184743764715 0.8575258288238762 -0.04518987585312601 -0.512452269016641
1.0912184743764715 0.8575258288238762 -0.04518987585312601 -0.512452269016641
1.0912184743764715 0.8575258288238762 -0.04518987585312601 -0.512452269016641
1.0912184743764715 0.8575258288238762 -0.04518987585312601 -0.512452269016641
1.0912184743764715 0.8575258288238762 -0.04518987585312601 -0.512452269016641
1.0912184743764715 0.8575258288238762 -0.04518987585312601 -0.512452269016641
1.0912184743764715 0.8575258288238762 -0.04518987585312601 -0.512452269016641
1.0912184743764715 0.8575258288238762 -0.04518987585312601 -0.512452269016641
1.0912184743764715 0.8575258288238762 -0.04518987585312601 -0.512452269016641
1.0912184743764715 0.8575258288238762 -0.04518987585312601 -0.512452269016641
1.0912184743764715 0.8575258288238762 -0.04518987585312601 -0.512452269016641
1.0912184743764715 0.8575258288238762 -0.04518987585312601 -0.512452269016641
1.0912184743764715 0.8575258288238762 -0.04518987585312601 -0.512452269016641
1.0912184743764715 0.8575258288238762 -0.04518987585312601 -0.512452269016641
1.0912184743764715 0.8575258288238762 -0.04518987585312601 -0.512452269016641
1.0912184743764715 0.8575258288238762 -0.04518987585312601 -0.512452269016641
1.0912184743764715 0.8575258288238762 -0.04518987585312601 -0.512452269016641
1.0912184743764715 0.8575258288238762 -0.04518987585312601 -0.512452269016641
1.0912184743764715 0.8575258288238762 -0.04518987585312601 -0.512452269016641
1.0912184743764715 0.8575258288238762 -0.04518987585312601 -0.512452269016641
1.0912184743764715 0.8575258288238762 -0.04518987585312601 -0.512452269016641
1.0912184743764715 0.8575258288238762 -0.04518987585312601 -0.512452269016641
1.0912184743764715 0.8575258288238762 -0.04518987585312601 -0.512452269016641
1.0912184743764715 0.8575258288238762 -0.04518987585312601 -0.512452269016641
1.0912184743764715 0.8575258288238762 -0.04518987585312601 -0.512452269016641
1.0912184743764715 0.8575258288238762 -0.04518987585312601 -0.512452269016641
1.0912184743764715 0.8575258288238762 -0.04518987585312601 -0.512452269016641
1.0912184743764715 0.8575258288238762 -0.04518987585312601 -0.512452269016641
1.0912184743764715 0.8575258288238762 -0.04518987585312601 -0.512452269016641
1.0912184743764715 0.8575258288238762 -0.04518987585312601 -0.512452269016641
1.0912184743764715 0.8575258288238762 -0.04518987585312601 -0.512452269016641
1.0912184743764715 0.8575258288238762 -0.04518987585312601 -0.512452269016641
1.0912184743764715 0.8575258288238762 -0.04518987585312601 -0.512452269016641
1.0912184743764715 0.8575258288238762 -0.04518987585312601 -0.512452269016641
1.0912184743764715 0.8575258288238762 -0.04518987585312601 -0.512452269016641
1.0912184743764715 0.8575258288238762 -0.04518987585312601 -0.512452269016641
1.0912184743764715 0.8575258288238762 -0.04518987585312601 -0.512452269016641
1.0912184743764715 0.8575258288238762 -0.04518987585312601 -0.512452269016641
1.0912184743764715 0.8575258288238762 -0.04518987585312601 -0.512452269016641
1.0912184743764715 0.8575258288238762 -0.04518987585312601 -0.512452269016641
1.0912184743764715 0.8575258288238762 -0.04518987585312601 -0.512452269016641
1.0912184743764715 0.8575258288238762 -0.04518987585312601 -0.512452269016641
1.0912184743764715 0.8575258288238762 -0.04518987585312601 -0.512452269016641
1.0912184743764715 0.8575258288238762 -0.04518987585312601 -0.512452269016641
1.0912184743764715 0.8575258288238762 -0.04518987585312601 -0.512452269016641
1.0912184743764715 0.8575258288238762 -0.04518987585312601 -0.512452269016641
1.0912184743764715 0.8575258288238762 -0.04518987585312601 -0.512452269016641
1.0912184743764715 0.8575258288238762 -0.04518987585312601 -0.512452269016641
1.0912184743764715 0.8575258288238762 -0.04518987585312601 -0.512452269016641
1.0912184743764715 0.8575258288238762 -0.04518987585312601 -0.512452269016641
1.0912184743764715 0.8575258288238762 -0.04518987585312601 -0.512452269016641
1.0912184743764715 0.8575258288238762 -0.04518987585312601 -0.512452269016641
1.0912184743764715 0.8575258288238762 -0.04518987585312601 -0.512452269016641
1.0912184743764715 0.8575258288238762 -0.04518987585312601 -0.512452269016641
1.0912184743764715 0.8575258288238762 -0.04518987585312601 -0.512452269016641
1.0912184743764715 0.8575258288238762 -0.04518987585312601 -0.512452269016641
1.0912184743764715 0.8575258288238762 -0.04518987585312601 -0.512452269016641
1.0912184743764715 0.8575258288238762 -0.04518987585312601 -0.512452269016641
1.0912184743764715 0.8575258288238762 -0.04518987585312601 -0.512452269016641
1.0912184743764715 0.8575258288238762 -0.04518987585312601 -0.512452269016641
1.0912184743764715 0.8575258288238762 -0.04518987585312601 -0.512452269016641
1.0912184743764715 0.8575258288238762 -0.04518987585312601 -0.512452269016641
1.0912184743764715 0.8575258288238762 -0.04518987585312601 -0.512452269016641
1.0912184743764715 0.8575258288238762 -0.04518987585312601 -0.512452269016641
1.0912184743764715 0.8575258288238762 -0.04518987585312601 -0.512452269016641
1.0912184743764715 0.8575258288238762 -0.04518987585312601 -0.512452269016641
1.0912184743764715 0.8575258288238762 -0.04518987585312601 -0.512452269016641
1.0912184743764715 0.8575258288238762 -0.04518987585312601 -0.512452269016641
1.0912184743764715 0.8575258288238762 -0.04518987585312601 -0.512452269016641
1.0912184743764715 0.8575258288238762 -0.04518987585312601 -0.512452269016641
1.0912184743764715 0.8575258288238762 -0.04518987585312601 -0.512452269016641
1.0912184743764715 0.8575258288238762 -0.04518987585312601 -0.512452269016641
1.0912184743764715 0.8575258288238762 -0.04518987585312601 -0.512452269016641
1.0912184743764715 0.8575258288238762 -0.04518987585312601 -0.512452269016641
1.0912184743764715 0.8575258288238762 -0.04518987585312601 -0.512452269016641
1.0912184743764715 0.8575258288238762 -0.04518987585312601 -0.512452269016641
1.0912184743764715 0.8575258288238762 -0.04518987585312601 -0.512452269016641
1.0912184743764715 0.8575258288238762 -0.04518987585312601 -0.512452269016641
1.0912184743764715 0.8575258288238762 -0.04518987585312601 -0.512452269016641
1.0912184743764715 0.8575258288238762 -0.04518987585312601 -0.512452269016641
